0,0.123,1.85,24.6,15.0
1,0.123,1.86,24.6,15.1
2,0.123,1.85,24.6,15.0
3,0.123,1.86,24.6,15.1
4,0.125,1.85,24.6,14.8
5,0.121,1.85,24.6,15.3
6,0.103,1.89,25.4,18.3
7,0.101,1.9,45.1,18.8
8,0.105,1.9,64.8,18.1
9,0.102,1.9,75.4,18.6
10,0.102,1.9,81.2,18.6
11,0.102,1.9,84.6,18.6
12,0.103,1.89,85.9,18.3
13,0.104,1.9,86.3,18.3
14,0.104,1.9,86.4,18.3
15,0.104,1.9,86.3,18.3
16,0.104,1.89,86.4,18.2
17,0.103,1.89,86.4,18.3
18,0.104,1.89,86.3,18.2
19,0.103,1.89,86.1,18.3
20,0.102,1.89,86,18.5
21,0.104,1.89,85.9,18.2
22,0.105,1.89,85.9,18.0
23,0.103,1.89,85.8,18.3
24,0.103,1.89,85.6,18.3
25,0.103,1.89,85.5,18.3
26,0.104,1.89,85.3,18.2
27,0.103,1.9,85.2,18.4
28,0.104,1.89,85.2,18.2
29,0.104,1.89,85.2,18.2
30,0.103,1.89,85.1,18.3
31,0.103,1.9,85,18.4
32,0.103,1.89,85,18.3
33,0.103,1.89,85,18.3
34,0.103,1.89,84.9,18.3
35,0.103,1.89,84.9,18.3
36,0.103,1.89,84.8,18.3
37,0.102,1.89,84.8,18.5
38,0.103,1.89,84.7,18.3
39,0.104,1.89,84.7,18.2
40,0.103,1.89,84.5,18.3
41,0.104,1.9,84.5,18.3
42,0.103,1.89,84.4,18.3
43,0.103,1.89,84.3,18.3
44,0.103,1.89,84.3,18.3
45,0.103,1.9,84.2,18.4
46,0.103,1.89,84.2,18.3
47,0.104,1.89,84.1,18.2
48,0.103,1.89,84,18.3
49,0.103,1.89,83.9,18.3
50,0.102,1.89,83.8,18.5
51,0.103,1.89,83.7,18.3
52,0.103,1.89,83.7,18.3
53,0.103,1.9,83.6,18.4
54,0.103,1.89,83.5,18.3
55,0.103,1.89,83.5,18.3
56,0.103,1.89,83.4,18.3
57,0.103,1.89,83.3,18.3
58,0.103,1.89,83.2,18.3
59,0.103,1.89,83.2,18.3
60,0.103,1.89,83.1,18.3
61,0.103,1.89,83,18.3
62,0.103,1.89,83,18.3
63,0.103,1.89,82.9,18.3
64,0.103,1.89,82.8,18.3
65,0.103,1.89,82.7,18.3
66,0.104,1.89,82.7,18.2
67,0.103,1.89,82.7,18.3
68,0.103,1.89,82.7,18.3
69,0.102,1.89,82.6,18.5
70,0.103,1.89,82.6,18.3
71,0.102,1.89,82.5,18.5
72,0.103,1.89,82.4,18.3
73,0.104,1.89,82.3,18.2
74,0.103,1.89,82.3,18.3
75,0.103,1.89,82.2,18.3
76,0.103,1.88,82.2,18.3
77,0.103,1.89,82.1,18.3
78,0.103,1.89,82,18.3
79,0.103,1.89,82,18.3
80,0.103,1.88,81.9,18.3
81,0.103,1.89,81.8,18.3
82,0.103,1.89,81.8,18.3
83,0.103,1.89,81.8,18.3
84,0.103,1.89,81.7,18.3
85,0.103,1.89,81.6,18.3
86,0.104,1.89,81.6,18.2
87,0.103,1.89,81.5,18.3
88,0.103,1.89,81.4,18.3
89,0.104,1.89,81.4,18.2
90,0.103,1.89,81.4,18.3
91,0.106,1.9,81.3,17.9
92,0.103,1.89,81.2,18.3
93,0.104,1.89,81.1,18.2
94,0.102,1.89,81,18.5
95,0.101,1.88,81,18.6
96,0.103,1.89,80.8,18.3
97,0.103,1.89,80.7,18.3
98,0.103,1.88,80.7,18.3
99,0.103,1.89,80.6,18.3
100,0.103,1.89,80.5,18.3
101,0.104,1.89,80.5,18.2
102,0.104,1.88,80.4,18.1
103,0.103,1.89,80.4,18.3
104,0.104,1.89,80.3,18.2
105,0.103,1.89,80.3,18.3
106,0.103,1.89,80.1,18.3
107,0.104,1.89,80.1,18.2
108,0.103,1.88,80,18.3
109,0.103,1.89,80,18.3
110,0.104,1.88,79.9,18.1
111,0.104,1.89,79.8,18.2
112,0.104,1.89,79.7,18.2
113,0.104,1.89,79.7,18.2
114,0.104,1.89,79.7,18.2
115,0.104,1.89,79.6,18.2
116,0.104,1.89,79.6,18.2
117,0.104,1.89,79.5,18.2
118,0.104,1.89,79.4,18.2
119,0.104,1.89,79.4,18.2
120,0.103,1.89,79.3,18.3
121,0.104,1.88,79.2,18.1
122,0.104,1.89,79.2,18.2
123,0.103,1.89,79.1,18.3
124,0.102,1.88,79.1,18.4
125,0.103,1.89,79,18.3
126,0.104,1.89,78.9,18.2
127,0.105,1.89,78.8,18.0
128,0.105,1.89,78.8,18.0
129,0.104,1.88,78.8,18.1
130,0.104,1.89,78.7,18.2
131,0.104,1.89,78.6,18.2
132,0.104,1.89,78.6,18.2
133,0.105,1.89,78.5,18.0
134,0.104,1.88,78.5,18.1
135,0.105,1.89,78.5,18.0
136,0.104,1.89,78.4,18.2
137,0.104,1.89,78.3,18.2
138,0.104,1.87,78.3,18.0
139,0.105,1.89,78.2,18.0
140,0.105,1.89,78.1,18.0
141,0.104,1.88,78,18.1
142,0.103,1.89,78,18.3
143,0.105,1.88,77.9,17.9
144,0.105,1.89,77.8,18.0
145,0.104,1.89,77.8,18.2
146,0.104,1.89,77.7,18.2
147,0.104,1.89,77.7,18.2
148,0.104,1.89,77.6,18.2
149,0.105,1.89,77.5,18.0
150,0.104,1.88,77.5,18.1
151,0.103,1.88,77.4,18.3
152,0.104,1.89,77.3,18.2
153,0.105,1.88,77.3,17.9
154,0.105,1.88,77.2,17.9
155,0.106,1.9,77.1,17.9
156,0.105,1.89,77.1,18.0
157,0.104,1.89,77,18.2
158,0.105,1.89,77,18.0
159,0.104,1.89,76.9,18.2
160,0.104,1.89,76.9,18.2
161,0.105,1.88,76.8,17.9
162,0.104,1.89,76.8,18.2
163,0.107,1.89,76.8,17.7
164,0.105,1.89,76.7,18.0
165,0.105,1.88,76.6,17.9
166,0.104,1.89,76.5,18.2
167,0.104,1.88,76.4,18.1
168,0.105,1.88,76.4,17.9
169,0.105,1.88,76.3,17.9
170,0.104,1.88,76.3,18.1
171,0.104,1.88,76.2,18.1
172,0.105,1.88,76.2,17.9
173,0.105,1.88,76.1,17.9
174,0.105,1.88,76.1,17.9
175,0.105,1.89,76,18.0
176,0.104,1.89,76,18.2
177,0.105,1.88,75.9,17.9
178,0.105,1.89,75.8,18.0
179,0.105,1.87,75.8,17.8
180,0.105,1.88,75.8,17.9
181,0.104,1.88,75.7,18.1
182,0.105,1.88,75.6,17.9
183,0.104,1.88,75.6,18.1
184,0.105,1.89,75.5,18.0
185,0.103,1.87,75.4,18.2
186,0.105,1.88,75.4,17.9
187,0.105,1.88,75.3,17.9
188,0.108,1.89,75.2,17.5
189,0.105,1.88,75.2,17.9
190,0.105,1.88,75.1,17.9
191,0.107,1.89,75,17.7
192,0.105,1.88,75,17.9
193,0.105,1.88,75,17.9
194,0.105,1.88,74.9,17.9
195,0.105,1.89,74.8,18.0
196,0.106,1.88,74.8,17.7
197,0.105,1.88,74.7,17.9
198,0.108,1.89,74.7,17.5
199,0.105,1.88,74.6,17.9
200,0.105,1.89,74.6,18.0
201,0.106,1.88,74.5,17.7
202,0.105,1.88,74.4,17.9
203,0.105,1.88,74.3,17.9
204,0.104,1.88,74.2,18.1
205,0.103,1.87,74.2,18.2
206,0.105,1.88,74.1,17.9
207,0.106,1.88,74.1,17.7
208,0.105,1.87,74.1,17.8
209,0.106,1.88,74,17.7
210,0.105,1.88,73.9,17.9
211,0.106,1.88,73.9,17.7
212,0.104,1.87,73.9,18.0
213,0.108,1.88,73.8,17.4
214,0.105,1.88,73.7,17.9
215,0.106,1.89,73.7,17.8
216,0.105,1.88,73.6,17.9
217,0.105,1.88,73.5,17.9
218,0.106,1.87,73.5,17.6
219,0.107,1.88,73.4,17.6
220,0.109,1.89,73.4,17.3
221,0.106,1.87,73.3,17.6
222,0.106,1.88,73.2,17.7
223,0.106,1.88,73.2,17.7
224,0.106,1.88,73.2,17.7
225,0.105,1.88,73.1,17.9
226,0.105,1.88,73.1,17.9
227,0.106,1.87,73,17.6
228,0.105,1.87,73,17.8
229,0.107,1.88,72.9,17.6
230,0.106,1.88,72.9,17.7
231,0.106,1.88,72.8,17.7
232,0.106,1.88,72.7,17.7
233,0.107,1.88,72.7,17.6
234,0.106,1.88,72.7,17.7
235,0.106,1.88,72.6,17.7
236,0.106,1.88,72.6,17.7
237,0.106,1.88,72.6,17.7
238,0.106,1.88,72.6,17.7
239,0.107,1.88,72.5,17.6
240,0.107,1.87,72.4,17.5
241,0.104,1.87,72.4,18.0
242,0.105,1.87,72.3,17.8
243,0.105,1.88,72.2,17.9
244,0.107,1.88,72.1,17.6
245,0.106,1.88,72,17.7
246,0.107,1.88,71.9,17.6
247,0.109,1.89,71.9,17.3
248,0.108,1.89,71.8,17.5
249,0.107,1.87,71.8,17.5
250,0.107,1.88,71.7,17.6
251,0.106,1.88,71.7,17.7
252,0.107,1.87,71.7,17.5
253,0.107,1.88,71.6,17.6
254,0.107,1.87,71.5,17.5
255,0.108,1.88,71.5,17.4
256,0.109,1.89,71.4,17.3
257,0.107,1.88,71.4,17.6
258,0.106,1.88,71.3,17.7
259,0.108,1.88,71.2,17.4
260,0.105,1.87,71.2,17.8
261,0.105,1.87,71.1,17.8
262,0.107,1.88,71.1,17.6
263,0.108,1.88,71,17.4
264,0.107,1.88,71,17.6
265,0.107,1.88,70.9,17.6
266,0.107,1.88,70.8,17.6
267,0.107,1.88,70.8,17.6
268,0.107,1.88,70.8,17.6
269,0.107,1.88,70.7,17.6
270,0.106,1.87,70.7,17.6
271,0.107,1.88,70.6,17.6
272,0.107,1.87,70.5,17.5
273,0.108,1.88,70.5,17.4
274,0.11,1.89,70.4,17.2
275,0.107,1.87,70.4,17.5
276,0.106,1.88,70.3,17.7
277,0.107,1.88,70.3,17.6
278,0.107,1.88,70.3,17.6
279,0.107,1.87,70.2,17.5
280,0.107,1.88,70.2,17.6
281,0.107,1.87,70.1,17.5
282,0.107,1.87,70.1,17.5
283,0.108,1.88,70.1,17.4
284,0.107,1.87,70,17.5
285,0.107,1.88,70,17.6
286,0.108,1.88,69.9,17.4
287,0.11,1.89,69.9,17.2
288,0.105,1.88,69.8,17.9
289,0.108,1.89,69.8,17.5
290,0.107,1.88,69.7,17.6
291,0.106,1.87,69.6,17.6
292,0.105,1.87,69.6,17.8
293,0.105,1.87,69.5,17.8
294,0.105,1.87,69.5,17.8
295,0.107,1.88,69.5,17.6
296,0.107,1.88,69.4,17.6
297,0.108,1.88,69.4,17.4
298,0.107,1.88,69.3,17.6
299,0.107,1.87,69.3,17.5
300,0.108,1.87,69.2,17.3
301,0.107,1.88,69.1,17.6
302,0.105,1.88,69.1,17.9
303,0.105,1.87,69.1,17.8
304,0.107,1.87,69,17.5
305,0.107,1.87,69,17.5
306,0.108,1.88,68.9,17.4
307,0.107,1.87,68.9,17.5
308,0.108,1.87,68.8,17.3
309,0.11,1.88,68.8,17.1
310,0.11,1.89,68.8,17.2
311,0.109,1.88,68.7,17.2
312,0.108,1.88,68.6,17.4
313,0.108,1.87,68.6,17.3
314,0.107,1.88,68.5,17.6
315,0.107,1.87,68.4,17.5
316,0.108,1.87,68.4,17.3
317,0.109,1.87,68.3,17.2
318,0.108,1.88,68.3,17.4
319,0.108,1.87,68.2,17.3
320,0.108,1.88,68.2,17.4
321,0.108,1.87,68.2,17.3
322,0.108,1.87,68.1,17.3
323,0.108,1.87,68.1,17.3
324,0.108,1.87,68,17.3
325,0.108,1.87,67.9,17.3
326,0.109,1.88,67.9,17.2
327,0.11,1.89,67.9,17.2
328,0.109,1.88,67.8,17.2
329,0.108,1.88,67.8,17.4
330,0.107,1.87,67.8,17.5
331,0.109,1.88,67.8,17.2
332,0.108,1.89,67.7,17.5
333,0.107,1.87,67.7,17.5
334,0.107,1.87,67.6,17.5
335,0.105,1.87,67.6,17.8
336,0.105,1.87,67.5,17.8
337,0.109,1.87,67.4,17.2
338,0.108,1.87,67.4,17.3
339,0.108,1.87,67.3,17.3
340,0.108,1.87,67.3,17.3
341,0.107,1.87,67.2,17.5
342,0.109,1.87,67.2,17.2
343,0.108,1.87,67.1,17.3
344,0.108,1.87,67.1,17.3
345,0.108,1.87,67,17.3
346,0.109,1.87,67,17.2
347,0.108,1.87,67,17.3
348,0.108,1.87,66.9,17.3
349,0.109,1.87,66.9,17.2
350,0.108,1.87,66.8,17.3
351,0.108,1.87,66.7,17.3
352,0.107,1.87,66.7,17.5
353,0.11,1.88,66.6,17.1
354,0.108,1.88,66.6,17.4
355,0.107,1.87,66.6,17.5
356,0.108,1.87,66.5,17.3
357,0.109,1.87,66.5,17.2
358,0.108,1.87,66.4,17.3
359,0.108,1.87,66.4,17.3
360,0.109,1.87,66.4,17.2
361,0.109,1.87,66.4,17.2
362,0.109,1.87,66.3,17.2
363,0.108,1.87,66.3,17.3
364,0.108,1.87,66.2,17.3
365,0.108,1.87,66.2,17.3
366,0.108,1.87,66.1,17.3
367,0.109,1.87,66.1,17.2
368,0.109,1.87,66,17.2
369,0.109,1.87,66,17.2
370,0.109,1.88,65.9,17.2
371,0.107,1.87,65.9,17.5
372,0.108,1.87,65.9,17.3
373,0.108,1.87,65.8,17.3
374,0.108,1.87,65.8,17.3
375,0.108,1.87,65.8,17.3
376,0.108,1.87,65.7,17.3
377,0.108,1.87,65.7,17.3
378,0.108,1.87,65.6,17.3
379,0.109,1.87,65.6,17.2
380,0.108,1.87,65.6,17.3
381,0.109,1.88,65.5,17.2
382,0.109,1.87,65.5,17.2
383,0.108,1.87,65.4,17.3
384,0.109,1.87,65.4,17.2
385,0.109,1.87,65.3,17.2
386,0.109,1.87,65.3,17.2
387,0.108,1.87,65.3,17.3
388,0.108,1.87,65.2,17.3
389,0.109,1.87,65.1,17.2
390,0.111,1.87,65.1,16.8
391,0.108,1.87,65,17.3
392,0.109,1.87,65,17.2
393,0.107,1.87,64.9,17.5
394,0.108,1.87,64.9,17.3
395,0.109,1.87,64.9,17.2
396,0.109,1.87,64.8,17.2
397,0.109,1.87,64.8,17.2
398,0.109,1.86,64.8,17.1
399,0.109,1.87,64.8,17.2
400,0.109,1.87,64.7,17.2
401,0.108,1.87,64.7,17.3
402,0.109,1.87,64.6,17.2
403,0.109,1.87,64.6,17.2
404,0.108,1.87,64.5,17.3
405,0.109,1.87,64.5,17.2
406,0.111,1.87,64.4,16.8
407,0.11,1.87,64.4,17.0
408,0.109,1.88,64.4,17.2
409,0.109,1.88,64.3,17.2
410,0.108,1.87,64.3,17.3
411,0.107,1.87,64.3,17.5
412,0.109,1.87,64.2,17.2
413,0.11,1.87,64.2,17.0
414,0.109,1.87,64.2,17.2
415,0.109,1.87,64.1,17.2
416,0.11,1.87,64.1,17.0
417,0.109,1.87,64.1,17.2
418,0.109,1.87,64,17.2
419,0.109,1.87,63.9,17.2
420,0.109,1.87,63.9,17.2
421,0.109,1.87,63.8,17.2
422,0.109,1.87,63.7,17.2
423,0.109,1.87,63.7,17.2
424,0.109,1.87,63.7,17.2
425,0.109,1.87,63.6,17.2
426,0.109,1.86,63.6,17.1
427,0.11,1.87,63.6,17.0
428,0.109,1.87,63.6,17.2
429,0.11,1.87,63.5,17.0
430,0.109,1.87,63.5,17.2
431,0.109,1.87,63.5,17.2
432,0.108,1.87,63.4,17.3
433,0.107,1.86,63.4,17.4
434,0.108,1.87,63.4,17.3
435,0.108,1.87,63.3,17.3
436,0.109,1.87,63.3,17.2
437,0.109,1.88,63.2,17.2
438,0.109,1.87,63.2,17.2
439,0.109,1.87,63.2,17.2
440,0.108,1.87,63.1,17.3
441,0.108,1.87,63.1,17.3
442,0.108,1.87,63,17.3
443,0.11,1.87,63,17.0
444,0.11,1.87,62.9,17.0
445,0.109,1.87,62.9,17.2
446,0.109,1.87,62.9,17.2
447,0.109,1.87,62.8,17.2
448,0.109,1.87,62.8,17.2
449,0.109,1.87,62.8,17.2
450,0.109,1.87,62.7,17.2
451,0.109,1.87,62.7,17.2
452,0.109,1.87,62.6,17.2
453,0.11,1.87,62.6,17.0
454,0.109,1.87,62.5,17.2
455,0.109,1.87,62.5,17.2
456,0.109,1.87,62.5,17.2
457,0.11,1.87,62.5,17.0
458,0.109,1.87,62.4,17.2
459,0.109,1.86,62.4,17.1
460,0.11,1.87,62.4,17.0
461,0.109,1.87,62.4,17.2
462,0.11,1.87,62.3,17.0
463,0.109,1.87,62.3,17.2
464,0.11,1.87,62.2,17.0
465,0.11,1.87,62.1,17.0
466,0.11,1.87,62.1,17.0
467,0.11,1.88,62,17.1
468,0.111,1.87,62,16.8
469,0.11,1.87,62,17.0
470,0.109,1.87,62,17.2
471,0.111,1.87,61.9,16.8
472,0.11,1.87,61.9,17.0
473,0.11,1.87,61.9,17.0
474,0.11,1.87,61.8,17.0
475,0.111,1.87,61.8,16.8
476,0.11,1.87,61.8,17.0
477,0.11,1.87,61.7,17.0
478,0.11,1.87,61.7,17.0
479,0.11,1.87,61.6,17.0
480,0.11,1.87,61.6,17.0
481,0.11,1.87,61.6,17.0
482,0.11,1.87,61.5,17.0
483,0.11,1.87,61.5,17.0
484,0.11,1.87,61.5,17.0
485,0.11,1.87,61.5,17.0
486,0.11,1.87,61.4,17.0
487,0.11,1.87,61.4,17.0
488,0.11,1.87,61.4,17.0
489,0.11,1.87,61.3,17.0
490,0.11,1.87,61.3,17.0
491,0.11,1.86,61.2,16.9
492,0.11,1.87,61.2,17.0
493,0.11,1.87,61.2,17.0
494,0.11,1.87,61.1,17.0
495,0.11,1.87,61.1,17.0
496,0.11,1.87,61.1,17.0
497,0.11,1.87,61,17.0
498,0.11,1.87,61,17.0
499,0.111,1.87,61,16.8
500,0.11,1.87,60.9,17.0
501,0.11,1.87,60.9,17.0
502,0.11,1.87,60.9,17.0
503,0.111,1.87,60.8,16.8
504,0.11,1.87,60.8,17.0
505,0.113,1.87,60.8,16.5
506,0.112,1.87,60.8,16.7
507,0.11,1.87,60.7,17.0
508,0.109,1.87,60.7,17.2
509,0.111,1.87,60.7,16.8
510,0.109,1.87,60.6,17.2
511,0.109,1.86,60.6,17.1
512,0.108,1.86,60.6,17.2
513,0.108,1.86,60.5,17.2
514,0.11,1.87,60.5,17.0
515,0.11,1.87,60.4,17.0
516,0.11,1.87,60.4,17.0
517,0.11,1.87,60.4,17.0
518,0.109,1.87,60.3,17.2
519,0.11,1.87,60.3,17.0
520,0.11,1.87,60.3,17.0
521,0.11,1.87,60.2,17.0
522,0.11,1.87,60.2,17.0
523,0.11,1.87,60.1,17.0
524,0.11,1.87,60.1,17.0
525,0.11,1.87,60.1,17.0
526,0.111,1.87,60.1,16.8
527,0.11,1.87,60,17.0
528,0.11,1.87,60,17.0
529,0.11,1.87,60,17.0
530,0.111,1.87,59.9,16.8
531,0.11,1.87,59.9,17.0
532,0.111,1.87,59.9,16.8
533,0.11,1.87,59.8,17.0
534,0.111,1.87,59.8,16.8
535,0.11,1.87,59.8,17.0
536,0.111,1.87,59.8,16.8
537,0.11,1.87,59.7,17.0
538,0.111,1.87,59.7,16.8
539,0.109,1.87,59.6,17.2
540,0.11,1.86,59.6,16.9
541,0.111,1.87,59.6,16.8
542,0.11,1.87,59.6,17.0
543,0.11,1.86,59.5,16.9
544,0.11,1.87,59.5,17.0
545,0.11,1.87,59.4,17.0
546,0.11,1.87,59.4,17.0
547,0.11,1.87,59.3,17.0
548,0.11,1.87,59.3,17.0
549,0.11,1.87,59.3,17.0
550,0.11,1.86,59.3,16.9
551,0.11,1.87,59.2,17.0
552,0.11,1.87,59.2,17.0
553,0.11,1.87,59.2,17.0
554,0.11,1.86,59.1,16.9
555,0.11,1.87,59.1,17.0
556,0.11,1.87,59.1,17.0
557,0.11,1.87,59,17.0
558,0.11,1.87,59,17.0
559,0.11,1.86,59,16.9
560,0.11,1.87,58.9,17.0
561,0.11,1.86,58.9,16.9
562,0.11,1.87,58.9,17.0
563,0.11,1.86,58.8,16.9
564,0.11,1.87,58.8,17.0
565,0.111,1.87,58.8,16.8
566,0.11,1.86,58.8,16.9
567,0.11,1.87,58.7,17.0
568,0.111,1.87,58.7,16.8
569,0.111,1.87,58.7,16.8
570,0.111,1.87,58.6,16.8
571,0.11,1.87,58.6,17.0
572,0.111,1.86,58.6,16.8
573,0.11,1.87,58.6,17.0
574,0.111,1.87,58.6,16.8
575,0.11,1.86,58.5,16.9
576,0.111,1.87,58.5,16.8
577,0.109,1.86,58.4,17.1
578,0.11,1.87,58.4,17.0
579,0.111,1.87,58.4,16.8
580,0.111,1.87,58.4,16.8
581,0.111,1.86,58.3,16.8
582,0.112,1.87,58.3,16.7
583,0.113,1.87,58.3,16.5
584,0.112,1.87,58.2,16.7
585,0.11,1.86,58.2,16.9
586,0.111,1.87,58.2,16.8
587,0.11,1.86,58.1,16.9
588,0.111,1.86,58.1,16.8
589,0.11,1.86,58.1,16.9
590,0.111,1.87,58.1,16.8
591,0.112,1.87,58,16.7
592,0.111,1.87,58,16.8
593,0.111,1.87,58,16.8
594,0.111,1.87,57.9,16.8
595,0.111,1.86,57.9,16.8
596,0.111,1.87,57.9,16.8
597,0.111,1.87,57.8,16.8
598,0.111,1.87,57.8,16.8
599,0.111,1.86,57.8,16.8
600,0.111,1.86,57.8,16.8
601,0.111,1.86,57.7,16.8
602,0.111,1.87,57.7,16.8
603,0.112,1.87,57.7,16.7
604,0.111,1.86,57.6,16.8
605,0.112,1.87,57.6,16.7
606,0.111,1.86,57.6,16.8
607,0.111,1.87,57.5,16.8
608,0.111,1.87,57.5,16.8
609,0.11,1.87,57.5,17.0
610,0.112,1.87,57.5,16.7
611,0.111,1.87,57.5,16.8
612,0.111,1.87,57.4,16.8
613,0.111,1.87,57.4,16.8
614,0.111,1.86,57.3,16.8
615,0.113,1.87,57.3,16.5
616,0.113,1.87,57.3,16.5
617,0.113,1.87,57.3,16.5
618,0.11,1.86,57.2,16.9
619,0.111,1.87,57.2,16.8
620,0.112,1.87,57.2,16.7
621,0.111,1.86,57.1,16.8
622,0.11,1.86,57.1,16.9
623,0.11,1.86,57.1,16.9
624,0.111,1.86,57.1,16.8
625,0.111,1.86,57.1,16.8
626,0.111,1.86,57,16.8
627,0.111,1.87,57,16.8
628,0.111,1.86,57,16.8
629,0.111,1.87,57,16.8
630,0.113,1.87,56.9,16.5
631,0.111,1.86,56.9,16.8
632,0.111,1.87,56.9,16.8
633,0.111,1.87,56.8,16.8
634,0.112,1.87,56.8,16.7
635,0.112,1.86,56.8,16.6
636,0.112,1.87,56.7,16.7
637,0.111,1.86,56.7,16.8
638,0.112,1.87,56.6,16.7
639,0.112,1.87,56.6,16.7
640,0.112,1.87,56.6,16.7
641,0.112,1.86,56.6,16.6
642,0.111,1.87,56.6,16.8
643,0.112,1.87,56.5,16.7
644,0.111,1.87,56.5,16.8
645,0.111,1.87,56.5,16.8
646,0.112,1.87,56.4,16.7
647,0.112,1.87,56.4,16.7
648,0.112,1.87,56.4,16.7
649,0.112,1.87,56.4,16.7
650,0.112,1.86,56.4,16.6
651,0.112,1.87,56.4,16.7
652,0.111,1.86,56.3,16.8
653,0.112,1.87,56.3,16.7
654,0.111,1.86,56.3,16.8
655,0.111,1.86,56.2,16.8
656,0.112,1.87,56.2,16.7
657,0.111,1.86,56.2,16.8
658,0.111,1.87,56.1,16.8
659,0.111,1.87,56.1,16.8
660,0.111,1.87,56.1,16.8
661,0.111,1.86,56.1,16.8
662,0.111,1.87,56,16.8
663,0.111,1.86,56,16.8
664,0.111,1.86,56,16.8
665,0.111,1.87,55.9,16.8
666,0.111,1.87,55.9,16.8
667,0.111,1.87,55.9,16.8
668,0.112,1.86,55.9,16.6
669,0.111,1.87,55.8,16.8
670,0.111,1.87,55.8,16.8
671,0.111,1.87,55.8,16.8
672,0.111,1.86,55.8,16.8
673,0.111,1.86,55.8,16.8
674,0.111,1.86,55.7,16.8
675,0.111,1.87,55.7,16.8
676,0.111,1.86,55.7,16.8
677,0.111,1.86,55.6,16.8
678,0.111,1.86,55.6,16.8
679,0.111,1.86,55.6,16.8
680,0.111,1.86,55.6,16.8
681,0.111,1.87,55.5,16.8
682,0.111,1.86,55.5,16.8
683,0.113,1.87,55.5,16.5
684,0.112,1.87,55.4,16.7
685,0.112,1.87,55.4,16.7
686,0.111,1.87,55.4,16.8
687,0.11,1.86,55.4,16.9
688,0.11,1.86,55.4,16.9
689,0.112,1.87,55.4,16.7
690,0.111,1.87,55.4,16.8
691,0.111,1.86,55.3,16.8
692,0.112,1.87,55.3,16.7
693,0.112,1.87,55.3,16.7
694,0.111,1.86,55.2,16.8
695,0.111,1.87,55.2,16.8
696,0.112,1.86,55.2,16.6
697,0.112,1.86,55.1,16.6
698,0.111,1.87,55.1,16.8
699,0.111,1.87,55.1,16.8
700,0.112,1.86,55.1,16.6
701,0.112,1.87,55,16.7
702,0.112,1.87,55,16.7
703,0.111,1.86,55,16.8
704,0.112,1.87,55,16.7
705,0.114,1.87,55,16.4
706,0.112,1.87,54.9,16.7
707,0.112,1.87,54.9,16.7
708,0.111,1.86,54.9,16.8
709,0.11,1.86,54.8,16.9
710,0.112,1.86,54.8,16.6
711,0.112,1.87,54.8,16.7
712,0.112,1.87,54.8,16.7
713,0.111,1.87,54.8,16.8
714,0.112,1.87,54.7,16.7
715,0.112,1.86,54.7,16.6
716,0.112,1.87,54.7,16.7
717,0.112,1.86,54.7,16.6
718,0.112,1.87,54.7,16.7
719,0.112,1.87,54.6,16.7
720,0.111,1.87,54.6,16.8
721,0.112,1.86,54.6,16.6
722,0.113,1.87,54.6,16.5
723,0.112,1.86,54.6,16.6
724,0.112,1.87,54.6,16.7
725,0.112,1.86,54.6,16.6
726,0.112,1.86,54.6,16.6
727,0.112,1.87,54.6,16.7
728,0.112,1.86,54.6,16.6
729,0.112,1.86,54.6,16.6
730,0.112,1.86,54.5,16.6
731,0.111,1.86,54.4,16.8
732,0.112,1.86,54.3,16.6
733,0.112,1.86,54.3,16.6
734,0.112,1.87,54.3,16.7
735,0.112,1.86,54.3,16.6
736,0.112,1.86,54.2,16.6
737,0.112,1.86,54.2,16.6
738,0.111,1.86,54.1,16.8
739,0.112,1.86,54.1,16.6
740,0.112,1.86,54.1,16.6
741,0.112,1.86,54,16.6
742,0.111,1.86,54,16.8
743,0.112,1.86,54,16.6
744,0.112,1.87,54,16.7
745,0.112,1.87,54,16.7
746,0.112,1.86,53.9,16.6
747,0.112,1.86,53.9,16.6
748,0.112,1.87,53.9,16.7
749,0.112,1.87,53.9,16.7
750,0.112,1.86,53.8,16.6
751,0.112,1.86,53.8,16.6
752,0.111,1.86,53.8,16.8
753,0.112,1.87,53.7,16.7
754,0.112,1.87,53.7,16.7
755,0.112,1.86,53.7,16.6
756,0.112,1.86,53.7,16.6
757,0.113,1.87,53.7,16.5
758,0.112,1.86,53.6,16.6
759,0.112,1.86,53.6,16.6
760,0.112,1.87,53.6,16.7
761,0.112,1.86,53.6,16.6
762,0.111,1.86,53.6,16.8
763,0.112,1.86,53.5,16.6
764,0.112,1.86,53.5,16.6
765,0.112,1.86,53.5,16.6
766,0.113,1.87,53.4,16.5
767,0.112,1.87,53.4,16.7
768,0.113,1.86,53.4,16.5
769,0.112,1.86,53.4,16.6
770,0.112,1.87,53.4,16.7
771,0.111,1.86,53.3,16.8
772,0.112,1.87,53.3,16.7
773,0.112,1.86,53.3,16.6
774,0.112,1.86,53.2,16.6
775,0.113,1.87,53.2,16.5
776,0.112,1.87,53.2,16.7
777,0.112,1.86,53.2,16.6
778,0.112,1.86,53.2,16.6
779,0.112,1.86,53.2,16.6
780,0.111,1.85,53.1,16.7
781,0.112,1.87,53.1,16.7
782,0.112,1.86,53.1,16.6
783,0.112,1.86,53.1,16.6
784,0.112,1.86,53.1,16.6
785,0.113,1.87,53,16.5
786,0.111,1.86,53,16.8
787,0.113,1.86,53,16.5
788,0.113,1.86,53,16.5
789,0.112,1.86,53,16.6
790,0.113,1.87,53,16.5
791,0.111,1.86,53,16.8
792,0.111,1.86,52.9,16.8
793,0.113,1.87,52.9,16.5
794,0.113,1.87,52.9,16.5
795,0.114,1.86,52.9,16.3
796,0.113,1.86,52.8,16.5
797,0.112,1.86,52.8,16.6
798,0.113,1.87,52.8,16.5
799,0.112,1.86,52.8,16.6
800,0.112,1.86,52.8,16.6
801,0.112,1.86,52.7,16.6
802,0.113,1.86,52.7,16.5
803,0.113,1.86,52.7,16.5
804,0.113,1.86,52.7,16.5
805,0.113,1.86,52.6,16.5
806,0.112,1.87,52.6,16.7
807,0.113,1.86,52.6,16.5
808,0.113,1.86,52.5,16.5
809,0.112,1.87,52.5,16.7
810,0.112,1.86,52.5,16.6
811,0.112,1.87,52.5,16.7
812,0.111,1.86,52.5,16.8
813,0.111,1.86,52.5,16.8
814,0.112,1.86,52.5,16.6
815,0.112,1.86,52.4,16.6
816,0.111,1.86,52.4,16.8
817,0.112,1.86,52.4,16.6
818,0.111,1.86,52.4,16.8
819,0.113,1.86,52.4,16.5
820,0.113,1.86,52.4,16.5
821,0.112,1.86,52.3,16.6
822,0.113,1.86,52.3,16.5
823,0.112,1.86,52.3,16.6
824,0.113,1.86,52.3,16.5
825,0.112,1.86,52.2,16.6
826,0.112,1.86,52.2,16.6
827,0.113,1.86,52.2,16.5
828,0.113,1.86,52.2,16.5
829,0.113,1.86,52.2,16.5
830,0.113,1.86,52.1,16.5
831,0.113,1.86,52,16.5
832,0.113,1.86,52,16.5
833,0.113,1.87,52,16.5
834,0.111,1.86,52,16.8
835,0.111,1.86,52,16.8
836,0.112,1.86,51.9,16.6
837,0.112,1.86,51.9,16.6
838,0.113,1.86,51.9,16.5
839,0.113,1.86,51.9,16.5
840,0.112,1.86,51.9,16.6
841,0.114,1.87,51.9,16.4
842,0.113,1.86,51.9,16.5
843,0.112,1.86,51.8,16.6
844,0.113,1.86,51.8,16.5
845,0.113,1.86,51.8,16.5
846,0.112,1.86,51.8,16.6
847,0.113,1.86,51.7,16.5
848,0.113,1.86,51.7,16.5
849,0.113,1.86,51.7,16.5
850,0.113,1.86,51.7,16.5
851,0.113,1.86,51.6,16.5
852,0.112,1.86,51.6,16.6
853,0.113,1.86,51.6,16.5
854,0.113,1.86,51.6,16.5
855,0.111,1.87,51.6,16.8
856,0.113,1.86,51.6,16.5
857,0.112,1.86,51.6,16.6
858,0.116,1.86,51.5,16.0
859,0.113,1.86,51.5,16.5
860,0.112,1.86,51.5,16.6
861,0.113,1.86,51.5,16.5
862,0.114,1.86,51.5,16.3
863,0.113,1.86,51.5,16.5
864,0.113,1.86,51.4,16.5
865,0.113,1.86,51.4,16.5
866,0.113,1.86,51.4,16.5
867,0.113,1.86,51.4,16.5
868,0.113,1.87,51.4,16.5
869,0.113,1.85,51.4,16.4
870,0.113,1.85,51.4,16.4
871,0.113,1.86,51.3,16.5
872,0.113,1.86,51.3,16.5
873,0.113,1.86,51.3,16.5
874,0.113,1.86,51.3,16.5
875,0.113,1.86,51.2,16.5
876,0.112,1.86,51.2,16.6
877,0.112,1.86,51.2,16.6
878,0.112,1.86,51.2,16.6
879,0.111,1.86,51.2,16.8
880,0.111,1.86,51.2,16.8
881,0.111,1.86,51.1,16.8
882,0.112,1.86,51.1,16.6
883,0.112,1.86,51.1,16.6
884,0.111,1.86,51.1,16.8
885,0.112,1.87,51.1,16.7
886,0.112,1.86,51.1,16.6
887,0.113,1.86,51.1,16.5
888,0.113,1.87,51.1,16.5
889,0.113,1.86,51,16.5
890,0.113,1.86,51,16.5
891,0.113,1.87,51,16.5
892,0.115,1.86,51,16.2
893,0.114,1.86,50.9,16.3
894,0.115,1.86,50.9,16.2
895,0.114,1.87,50.9,16.4
896,0.115,1.87,50.9,16.3
897,0.114,1.86,50.8,16.3
898,0.112,1.86,50.8,16.6
899,0.112,1.86,50.8,16.6
900,0.114,1.87,50.8,16.4
901,0.114,1.87,50.7,16.4
902,0.114,1.86,50.7,16.3
903,0.115,1.86,50.7,16.2
904,0.114,1.87,50.7,16.4
905,0.113,1.86,50.6,16.5
906,0.112,1.86,50.6,16.6
907,0.112,1.86,50.6,16.6
908,0.112,1.86,50.6,16.6
909,0.112,1.86,50.6,16.6
910,0.112,1.85,50.6,16.5
911,0.113,1.86,50.5,16.5
912,0.111,1.86,50.5,16.8
913,0.112,1.86,50.5,16.6
914,0.113,1.86,50.5,16.5
915,0.112,1.86,50.5,16.6
916,0.113,1.86,50.4,16.5
917,0.113,1.86,50.4,16.5
918,0.113,1.86,50.4,16.5
919,0.113,1.86,50.4,16.5
920,0.113,1.86,50.4,16.5
921,0.112,1.86,50.4,16.6
922,0.112,1.86,50.4,16.6
923,0.112,1.86,50.4,16.6
924,0.111,1.86,50.3,16.8
925,0.113,1.86,50.3,16.5
926,0.112,1.86,50.3,16.6
927,0.113,1.86,50.3,16.5
928,0.114,1.86,50.3,16.3
929,0.115,1.86,50.2,16.2
930,0.113,1.86,50.2,16.5
931,0.113,1.86,50.2,16.5
932,0.113,1.86,50.2,16.5
933,0.113,1.86,50.1,16.5
934,0.113,1.86,50.1,16.5
935,0.113,1.86,50.1,16.5
936,0.113,1.86,50.1,16.5
937,0.113,1.86,50.1,16.5
938,0.113,1.86,50.1,16.5
939,0.113,1.86,50.1,16.5
940,0.113,1.86,50.1,16.5
941,0.113,1.86,50,16.5
942,0.113,1.87,50,16.5
943,0.113,1.86,50,16.5
944,0.113,1.86,50,16.5
945,0.113,1.87,50,16.5
946,0.113,1.86,50,16.5
947,0.111,1.86,50,16.8
948,0.112,1.86,49.9,16.6
949,0.113,1.86,49.9,16.5
950,0.112,1.86,49.9,16.6
951,0.112,1.86,49.9,16.6
952,0.113,1.86,49.9,16.5
953,0.112,1.87,49.8,16.7
954,0.112,1.86,49.8,16.6
955,0.113,1.86,49.8,16.5
956,0.114,1.87,49.8,16.4
957,0.113,1.86,49.8,16.5
958,0.113,1.86,49.8,16.5
959,0.114,1.86,49.7,16.3
960,0.116,1.87,49.7,16.1
961,0.113,1.86,49.7,16.5
962,0.113,1.86,49.7,16.5
963,0.114,1.86,49.7,16.3
964,0.113,1.86,49.7,16.5
965,0.113,1.86,49.7,16.5
966,0.113,1.86,49.6,16.5
967,0.114,1.86,49.6,16.3
968,0.113,1.86,49.6,16.5
969,0.113,1.86,49.6,16.5
970,0.114,1.86,49.5,16.3
971,0.113,1.86,49.5,16.5
972,0.113,1.86,49.5,16.5
973,0.114,1.86,49.5,16.3
974,0.113,1.86,49.5,16.5
975,0.114,1.86,49.4,16.3
976,0.113,1.86,49.4,16.5
977,0.114,1.86,49.4,16.3
978,0.113,1.86,49.4,16.5
979,0.114,1.86,49.4,16.3
980,0.113,1.86,49.3,16.5
981,0.112,1.86,49.3,16.6
982,0.113,1.86,49.3,16.5
983,0.114,1.86,49.3,16.3
984,0.116,1.86,49.3,16.0
985,0.116,1.86,49.3,16.0
986,0.113,1.86,49.3,16.5
987,0.113,1.86,49.2,16.5
988,0.113,1.86,49.3,16.5
989,0.114,1.86,49.2,16.3
990,0.113,1.86,49.2,16.5
991,0.114,1.86,49.2,16.3
992,0.114,1.86,49.2,16.3
993,0.113,1.86,49.2,16.5
994,0.113,1.86,49.2,16.5
995,0.114,1.86,49.2,16.3
996,0.113,1.86,49.1,16.5
997,0.114,1.86,49.1,16.3
998,0.114,1.86,49.1,16.3
999,0.113,1.86,49.1,16.5
1000,0.114,1.86,49.1,16.3
1001,0.114,1.86,49.1,16.3
1002,0.114,1.86,49,16.3
1003,0.111,1.86,49,16.8
1004,0.112,1.86,49,16.6
1005,0.114,1.86,49,16.3
1006,0.114,1.86,49,16.3
1007,0.113,1.86,49,16.5
1008,0.114,1.86,49,16.3
1009,0.115,1.86,48.9,16.2
1010,0.115,1.86,48.9,16.2
1011,0.116,1.86,48.9,16.0
1012,0.114,1.86,48.9,16.3
1013,0.114,1.85,48.9,16.2
1014,0.114,1.86,48.9,16.3
1015,0.114,1.86,48.9,16.3
1016,0.115,1.86,48.8,16.2
1017,0.114,1.86,48.8,16.3
1018,0.114,1.86,48.8,16.3
1019,0.114,1.86,48.8,16.3
1020,0.113,1.87,48.8,16.5
1021,0.114,1.86,48.8,16.3
1022,0.114,1.86,48.7,16.3
1023,0.113,1.85,48.7,16.4
1024,0.114,1.86,48.7,16.3
1025,0.113,1.87,48.7,16.5
1026,0.114,1.86,48.7,16.3
1027,0.114,1.86,48.7,16.3
1028,0.114,1.86,48.7,16.3
1029,0.114,1.86,48.7,16.3
1030,0.115,1.86,48.7,16.2
1031,0.115,1.87,48.6,16.3
1032,0.114,1.86,48.6,16.3
1033,0.114,1.86,48.6,16.3
1034,0.114,1.86,48.6,16.3
1035,0.114,1.86,48.6,16.3
1036,0.114,1.86,48.6,16.3
1037,0.114,1.86,48.6,16.3
1038,0.113,1.86,48.5,16.5
1039,0.114,1.86,48.5,16.3
1040,0.113,1.86,48.5,16.5
1041,0.114,1.86,48.5,16.3
1042,0.116,1.86,48.5,16.0
1043,0.113,1.86,48.5,16.5
1044,0.113,1.86,48.5,16.5
1045,0.113,1.86,48.4,16.5
1046,0.113,1.86,48.4,16.5
1047,0.114,1.86,48.4,16.3
1048,0.114,1.86,48.4,16.3
1049,0.116,1.87,48.4,16.1
1050,0.114,1.86,48.4,16.3
1051,0.116,1.87,48.3,16.1
1052,0.114,1.86,48.3,16.3
1053,0.116,1.87,48.3,16.1
1054,0.115,1.86,48.3,16.2
1055,0.113,1.86,48.3,16.5
1056,0.113,1.87,48.2,16.5
1057,0.116,1.87,48.2,16.1
1058,0.114,1.86,48.2,16.3
1059,0.116,1.86,48.2,16.0
1060,0.116,1.86,48.2,16.0
1061,0.116,1.87,48.1,16.1
1062,0.116,1.86,48.1,16.0
1063,0.113,1.86,48.1,16.5
1064,0.112,1.86,48.1,16.6
1065,0.113,1.86,48,16.5
1066,0.115,1.86,48,16.2
1067,0.114,1.85,48,16.2
1068,0.114,1.86,48,16.3
1069,0.114,1.86,48,16.3
1070,0.114,1.86,48,16.3
1071,0.114,1.86,48,16.3
1072,0.114,1.86,48,16.3
1073,0.114,1.86,48,16.3
1074,0.113,1.86,48,16.5
1075,0.114,1.86,47.9,16.3
1076,0.114,1.86,47.9,16.3
1077,0.114,1.86,47.9,16.3
1078,0.114,1.86,47.8,16.3
1079,0.114,1.86,47.8,16.3
1080,0.114,1.86,47.8,16.3
1081,0.114,1.86,47.8,16.3
1082,0.115,1.86,47.8,16.2
1083,0.113,1.86,47.8,16.5
1084,0.114,1.86,47.8,16.3
1085,0.112,1.86,47.8,16.6
1086,0.114,1.86,47.8,16.3
1087,0.114,1.86,47.7,16.3
1088,0.114,1.86,47.7,16.3
1089,0.114,1.86,47.7,16.3
1090,0.114,1.86,47.7,16.3
1091,0.115,1.86,47.7,16.2
1092,0.114,1.86,47.7,16.3
1093,0.114,1.85,47.6,16.2
1094,0.114,1.86,47.6,16.3
1095,0.114,1.86,47.6,16.3
1096,0.113,1.86,47.6,16.5
1097,0.114,1.86,47.6,16.3
1098,0.114,1.86,47.6,16.3
1099,0.115,1.86,47.6,16.2
1100,0.114,1.86,47.6,16.3
1101,0.114,1.86,47.5,16.3
1102,0.115,1.86,47.5,16.2
1103,0.114,1.86,47.5,16.3
1104,0.115,1.86,47.5,16.2
1105,0.116,1.87,47.5,16.1
1106,0.113,1.86,47.5,16.5
1107,0.114,1.86,47.5,16.3
1108,0.112,1.86,47.5,16.6
1109,0.114,1.86,47.4,16.3
1110,0.114,1.86,47.4,16.3
1111,0.114,1.86,47.4,16.3
1112,0.115,1.86,47.4,16.2
1113,0.115,1.86,47.4,16.2
1114,0.114,1.86,47.4,16.3
1115,0.114,1.86,47.4,16.3
1116,0.116,1.86,47.4,16.0
1117,0.114,1.86,47.4,16.3
1118,0.113,1.86,47.3,16.5
1119,0.112,1.86,47.3,16.6
1120,0.113,1.86,47.3,16.5
1121,0.114,1.86,47.3,16.3
1122,0.114,1.86,47.3,16.3
1123,0.115,1.86,47.3,16.2
1124,0.116,1.86,47.3,16.0
1125,0.114,1.86,47.3,16.3
1126,0.114,1.86,47.2,16.3
1127,0.115,1.86,47.2,16.2
1128,0.114,1.86,47.2,16.3
1129,0.115,1.86,47.2,16.2
1130,0.115,1.86,47.2,16.2
1131,0.114,1.86,47.2,16.3
1132,0.114,1.86,47.2,16.3
1133,0.114,1.86,47.1,16.3
1134,0.114,1.86,47.1,16.3
1135,0.114,1.86,47.1,16.3
1136,0.113,1.86,47.1,16.5
1137,0.113,1.86,47.1,16.5
1138,0.113,1.86,47.1,16.5
1139,0.114,1.86,47,16.3
1140,0.116,1.86,47,16.0
1141,0.116,1.86,47,16.0
1142,0.114,1.85,47,16.2
1143,0.114,1.86,47,16.3
1144,0.115,1.86,47,16.2
1145,0.114,1.86,47,16.3
1146,0.114,1.86,47,16.3
1147,0.114,1.86,46.9,16.3
1148,0.114,1.86,46.9,16.3
1149,0.114,1.86,46.9,16.3
1150,0.114,1.86,46.9,16.3
1151,0.114,1.86,46.9,16.3
1152,0.114,1.86,46.9,16.3
1153,0.114,1.86,46.9,16.3
1154,0.116,1.86,46.9,16.0
1155,0.114,1.86,46.8,16.3
1156,0.114,1.86,46.8,16.3
1157,0.114,1.87,46.8,16.4
1158,0.115,1.86,46.8,16.2
1159,0.114,1.86,46.8,16.3
1160,0.113,1.86,46.8,16.5
1161,0.116,1.86,46.7,16.0
1162,0.114,1.87,46.7,16.4
1163,0.114,1.86,46.7,16.3
1164,0.114,1.86,46.7,16.3
1165,0.114,1.86,46.7,16.3
1166,0.114,1.86,46.7,16.3
1167,0.114,1.86,46.6,16.3
1168,0.114,1.86,46.6,16.3
1169,0.115,1.86,46.6,16.2
1170,0.114,1.86,46.6,16.3
1171,0.114,1.86,46.6,16.3
1172,0.115,1.87,46.6,16.3
1173,0.114,1.86,46.6,16.3
1174,0.113,1.86,46.6,16.5
1175,0.112,1.86,46.6,16.6
1176,0.113,1.86,46.5,16.5
1177,0.113,1.86,46.5,16.5
1178,0.113,1.86,46.5,16.5
1179,0.114,1.86,46.5,16.3
1180,0.114,1.86,46.5,16.3
1181,0.115,1.86,46.5,16.2
1182,0.115,1.86,46.4,16.2
1183,0.115,1.86,46.4,16.2
1184,0.114,1.86,46.4,16.3
1185,0.114,1.86,46.4,16.3
1186,0.116,1.87,46.4,16.1
1187,0.114,1.86,46.4,16.3
1188,0.114,1.86,46.4,16.3
1189,0.114,1.86,46.3,16.3
1190,0.115,1.86,46.3,16.2
1191,0.116,1.85,46.3,15.9
1192,0.116,1.86,46.3,16.0
1193,0.115,1.86,46.3,16.2
1194,0.113,1.86,46.3,16.5
1195,0.113,1.86,46.3,16.5
1196,0.113,1.86,46.3,16.5
1197,0.113,1.86,46.3,16.5
1198,0.114,1.86,46.3,16.3
1199,0.113,1.86,46.3,16.5
1200,0.113,1.86,46.3,16.5
1201,0.113,1.86,46.2,16.5
1202,0.113,1.85,46.2,16.4
1203,0.114,1.86,46.2,16.3
1204,0.114,1.86,46.2,16.3
1205,0.115,1.86,46.2,16.2
1206,0.114,1.86,46.2,16.3
1207,0.115,1.86,46.1,16.2
1208,0.114,1.86,46.1,16.3
1209,0.114,1.86,46.1,16.3
1210,0.114,1.86,46.1,16.3
1211,0.115,1.86,46.1,16.2
1212,0.114,1.86,46.1,16.3
1213,0.115,1.86,46.1,16.2
1214,0.114,1.86,46.1,16.3
1215,0.114,1.86,46.1,16.3
1216,0.112,1.86,46.1,16.6
1217,0.113,1.85,46.1,16.4
1218,0.114,1.86,46.1,16.3
1219,0.114,1.86,46,16.3
1220,0.116,1.86,46,16.0
1221,0.114,1.86,46,16.3
1222,0.116,1.87,46,16.1
1223,0.117,1.86,46,15.9
1224,0.116,1.86,46,16.0
1225,0.115,1.86,46,16.2
1226,0.115,1.86,45.9,16.2
1227,0.114,1.86,45.9,16.3
1228,0.114,1.86,45.9,16.3
1229,0.116,1.86,45.9,16.0
1230,0.115,1.86,45.8,16.2
1231,0.115,1.86,45.8,16.2
1232,0.114,1.86,45.8,16.3
1233,0.115,1.86,45.8,16.2
1234,0.114,1.86,45.8,16.3
1235,0.116,1.86,45.8,16.0
1236,0.116,1.86,45.8,16.0
1237,0.113,1.85,45.8,16.4
1238,0.115,1.86,45.8,16.2
1239,0.114,1.86,45.8,16.3
1240,0.114,1.86,45.8,16.3
1241,0.116,1.86,45.8,16.0
1242,0.115,1.86,45.7,16.2
1243,0.115,1.86,45.7,16.2
1244,0.115,1.86,45.7,16.2
1245,0.113,1.85,45.7,16.4
1246,0.114,1.86,45.7,16.3
1247,0.117,1.87,45.7,16.0
1248,0.114,1.86,45.7,16.3
1249,0.116,1.86,45.7,16.0
1250,0.115,1.86,45.6,16.2
1251,0.114,1.86,45.6,16.3
1252,0.116,1.86,45.6,16.0
1253,0.114,1.86,45.6,16.3
1254,0.116,1.86,45.6,16.0
1255,0.114,1.86,45.6,16.3
1256,0.115,1.86,45.6,16.2
1257,0.116,1.86,45.5,16.0
1258,0.115,1.86,45.5,16.2
1259,0.115,1.86,45.5,16.2
1260,0.113,1.86,45.5,16.5
1261,0.115,1.86,45.5,16.2
1262,0.116,1.86,45.5,16.0
1263,0.115,1.86,45.4,16.2
1264,0.115,1.86,45.4,16.2
1265,0.117,1.86,45.4,15.9
1266,0.115,1.86,45.4,16.2
1267,0.115,1.86,45.4,16.2
1268,0.115,1.86,45.4,16.2
1269,0.114,1.86,45.4,16.3
1270,0.115,1.86,45.4,16.2
1271,0.115,1.86,45.4,16.2
1272,0.114,1.85,45.3,16.2
1273,0.115,1.86,45.3,16.2
1274,0.116,1.86,45.3,16.0
1275,0.115,1.86,45.3,16.2
1276,0.115,1.86,45.3,16.2
1277,0.114,1.86,45.3,16.3
1278,0.114,1.86,45.3,16.3
1279,0.115,1.86,45.3,16.2
1280,0.115,1.86,45.3,16.2
1281,0.115,1.86,45.3,16.2
1282,0.115,1.86,45.3,16.2
1283,0.115,1.86,45.3,16.2
1284,0.115,1.86,45.3,16.2
1285,0.115,1.86,45.3,16.2
1286,0.116,1.86,45.3,16.0
1287,0.114,1.86,45.2,16.3
1288,0.113,1.86,45.2,16.5
1289,0.114,1.86,45.2,16.3
1290,0.115,1.86,45.2,16.2
1291,0.116,1.86,45.2,16.0
1292,0.116,1.86,45.2,16.0
1293,0.117,1.86,45.2,15.9
1294,0.116,1.86,45.2,16.0
1295,0.115,1.86,45.2,16.2
1296,0.115,1.86,45.2,16.2
1297,0.115,1.86,45.1,16.2
1298,0.115,1.86,45.1,16.2
1299,0.116,1.85,45.1,15.9
1300,0.115,1.86,45.1,16.2
1301,0.116,1.86,45.1,16.0
1302,0.114,1.86,45.1,16.3
1303,0.115,1.86,45.1,16.2
1304,0.116,1.86,45.1,16.0
1305,0.114,1.86,45.1,16.3
1306,0.113,1.85,45.1,16.4
1307,0.117,1.86,45.1,15.9
1308,0.115,1.86,45.1,16.2
1309,0.114,1.86,45,16.3
1310,0.114,1.86,45,16.3
1311,0.115,1.86,45,16.2
1312,0.115,1.86,45,16.2
1313,0.115,1.86,45,16.2
1314,0.115,1.86,44.9,16.2
1315,0.114,1.86,44.9,16.3
1316,0.115,1.86,44.9,16.2
1317,0.115,1.85,44.9,16.1
1318,0.116,1.86,44.9,16.0
1319,0.116,1.86,44.9,16.0
1320,0.115,1.86,44.9,16.2
1321,0.116,1.86,44.9,16.0
1322,0.115,1.86,44.9,16.2
1323,0.116,1.86,44.9,16.0
1324,0.114,1.86,44.9,16.3
1325,0.115,1.86,44.9,16.2
1326,0.114,1.86,44.9,16.3
1327,0.116,1.86,44.8,16.0
1328,0.115,1.86,44.8,16.2
1329,0.113,1.85,44.8,16.4
1330,0.115,1.86,44.8,16.2
1331,0.116,1.86,44.8,16.0
1332,0.115,1.86,44.8,16.2
1333,0.117,1.86,44.8,15.9
1334,0.115,1.86,44.7,16.2
1335,0.115,1.86,44.7,16.2
1336,0.116,1.86,44.7,16.0
1337,0.113,1.85,44.7,16.4
1338,0.116,1.86,44.7,16.0
1339,0.115,1.86,44.6,16.2
1340,0.115,1.86,44.6,16.2
1341,0.114,1.86,44.6,16.3
1342,0.114,1.86,44.6,16.3
1343,0.116,1.86,44.6,16.0
1344,0.113,1.86,44.6,16.5
1345,0.116,1.86,44.6,16.0
1346,0.116,1.86,44.5,16.0
1347,0.116,1.86,44.5,16.0
1348,0.115,1.86,44.5,16.2
1349,0.116,1.86,44.5,16.0
1350,0.116,1.86,44.5,16.0
1351,0.115,1.86,44.5,16.2
1352,0.115,1.86,44.5,16.2
1353,0.116,1.85,44.5,15.9
1354,0.116,1.86,44.5,16.0
1355,0.114,1.85,44.5,16.2
1356,0.115,1.86,44.5,16.2
1357,0.118,1.86,44.5,15.8
1358,0.115,1.85,44.5,16.1
1359,0.115,1.86,44.5,16.2
1360,0.115,1.86,44.5,16.2
1361,0.115,1.86,44.5,16.2
1362,0.115,1.86,44.4,16.2
1363,0.115,1.86,44.4,16.2
1364,0.115,1.86,44.4,16.2
1365,0.115,1.86,44.4,16.2
1366,0.116,1.86,44.4,16.0
1367,0.115,1.86,44.3,16.2
1368,0.115,1.86,44.3,16.2
1369,0.116,1.86,44.3,16.0
1370,0.115,1.86,44.3,16.2
1371,0.115,1.86,44.3,16.2
1372,0.115,1.85,44.3,16.1
1373,0.116,1.86,44.3,16.0
1374,0.116,1.85,44.3,15.9
1375,0.116,1.86,44.3,16.0
1376,0.116,1.86,44.3,16.0
1377,0.116,1.86,44.3,16.0
1378,0.116,1.85,44.3,15.9
1379,0.115,1.86,44.3,16.2
1380,0.115,1.86,44.3,16.2
1381,0.114,1.86,44.3,16.3
1382,0.116,1.86,44.3,16.0
1383,0.115,1.86,44.3,16.2
1384,0.114,1.85,44.2,16.2
1385,0.114,1.86,44.2,16.3
1386,0.116,1.86,44.2,16.0
1387,0.116,1.86,44.2,16.0
1388,0.114,1.86,44.2,16.3
1389,0.116,1.86,44.1,16.0
1390,0.116,1.87,44.1,16.1
1391,0.116,1.86,44.1,16.0
1392,0.116,1.86,44.1,16.0
1393,0.117,1.86,44.1,15.9
1394,0.118,1.87,44.1,15.8
1395,0.117,1.86,44.1,15.9
1396,0.117,1.86,44.1,15.9
1397,0.115,1.85,44.1,16.1
1398,0.116,1.86,44.1,16.0
1399,0.115,1.86,44.1,16.2
1400,0.116,1.86,44.1,16.0
1401,0.117,1.86,44.1,15.9
1402,0.116,1.86,44,16.0
1403,0.116,1.86,44,16.0
1404,0.115,1.86,44,16.2
1405,0.116,1.86,44,16.0
1406,0.116,1.85,44,15.9
1407,0.116,1.86,43.9,16.0
1408,0.116,1.86,43.9,16.0
1409,0.116,1.86,43.9,16.0
1410,0.114,1.86,43.9,16.3
1411,0.116,1.86,43.9,16.0
1412,0.116,1.86,43.9,16.0
1413,0.115,1.86,43.9,16.2
1414,0.115,1.86,43.9,16.2
1415,0.116,1.86,43.9,16.0
1416,0.116,1.86,43.9,16.0
1417,0.116,1.86,43.9,16.0
1418,0.115,1.86,43.9,16.2
1419,0.116,1.86,43.8,16.0
1420,0.114,1.85,43.8,16.2
1421,0.114,1.86,43.8,16.3
1422,0.117,1.86,43.8,15.9
1423,0.116,1.86,43.8,16.0
1424,0.115,1.86,43.8,16.2
1425,0.117,1.86,43.8,15.9
1426,0.116,1.86,43.8,16.0
1427,0.116,1.86,43.8,16.0
1428,0.116,1.86,43.8,16.0
1429,0.116,1.86,43.8,16.0
1430,0.116,1.86,43.8,16.0
1431,0.116,1.86,43.8,16.0
1432,0.115,1.86,43.8,16.2
1433,0.116,1.86,43.8,16.0
1434,0.117,1.86,43.8,15.9
1435,0.116,1.86,43.7,16.0
1436,0.116,1.85,43.7,15.9
1437,0.115,1.86,43.7,16.2
1438,0.116,1.86,43.7,16.0
1439,0.116,1.86,43.7,16.0
1440,0.116,1.86,43.7,16.0
1441,0.116,1.86,43.7,16.0
1442,0.116,1.86,43.7,16.0
1443,0.116,1.86,43.7,16.0
1444,0.115,1.86,43.7,16.2
1445,0.115,1.86,43.7,16.2
1446,0.115,1.85,43.7,16.1
1447,0.116,1.86,43.7,16.0
1448,0.114,1.85,43.7,16.2
1449,0.114,1.86,43.6,16.3
1450,0.114,1.86,43.6,16.3
1451,0.114,1.86,43.6,16.3
1452,0.115,1.85,43.6,16.1
1453,0.114,1.86,43.5,16.3
1454,0.116,1.85,43.5,15.9
1455,0.115,1.86,43.5,16.2
1456,0.115,1.86,43.5,16.2
1457,0.114,1.85,43.5,16.2
1458,0.114,1.86,43.5,16.3
1459,0.114,1.86,43.5,16.3
1460,0.113,1.85,43.5,16.4
1461,0.114,1.86,43.5,16.3
1462,0.114,1.85,43.5,16.2
1463,0.116,1.86,43.5,16.0
1464,0.115,1.86,43.5,16.2
1465,0.116,1.86,43.5,16.0
1466,0.116,1.86,43.5,16.0
1467,0.116,1.86,43.5,16.0
1468,0.116,1.85,43.5,15.9
1469,0.116,1.85,43.5,15.9
1470,0.116,1.86,43.5,16.0
1471,0.116,1.86,43.4,16.0
1472,0.116,1.86,43.4,16.0
1473,0.116,1.86,43.4,16.0
1474,0.116,1.86,43.4,16.0
1475,0.116,1.86,43.4,16.0
1476,0.116,1.85,43.4,15.9
1477,0.116,1.86,43.4,16.0
1478,0.115,1.85,43.4,16.1
1479,0.115,1.86,43.4,16.2
1480,0.116,1.86,43.3,16.0
1481,0.115,1.85,43.3,16.1
1482,0.116,1.85,43.3,15.9
1483,0.116,1.86,43.3,16.0
1484,0.115,1.85,43.3,16.1
1485,0.116,1.86,43.3,16.0
1486,0.116,1.86,43.3,16.0
1487,0.116,1.86,43.3,16.0
1488,0.116,1.86,43.3,16.0
1489,0.116,1.86,43.3,16.0
1490,0.116,1.86,43.3,16.0
1491,0.116,1.86,43.3,16.0
1492,0.116,1.86,43.2,16.0
1493,0.116,1.86,43.2,16.0
1494,0.116,1.86,43.2,16.0
1495,0.116,1.86,43.2,16.0
1496,0.115,1.85,43.2,16.1
1497,0.116,1.86,43.2,16.0
1498,0.116,1.86,43.2,16.0
1499,0.114,1.85,43.2,16.2
1500,0.115,1.86,43.2,16.2
1501,0.117,1.85,43.2,15.8
1502,0.116,1.86,43.1,16.0
1503,0.118,1.86,43.1,15.8
1504,0.117,1.86,43.1,15.9
1505,0.115,1.86,43.1,16.2
1506,0.116,1.86,43.1,16.0
1507,0.116,1.86,43.1,16.0
1508,0.116,1.86,43.1,16.0
1509,0.117,1.86,43.1,15.9
1510,0.116,1.85,43.1,15.9
1511,0.116,1.85,43.1,15.9
1512,0.116,1.85,43.1,15.9
1513,0.115,1.86,43.1,16.2
1514,0.116,1.86,43.1,16.0
1515,0.115,1.85,43.1,16.1
1516,0.116,1.86,43.1,16.0
1517,0.116,1.86,43.1,16.0
1518,0.116,1.86,43.1,16.0
1519,0.115,1.85,43,16.1
1520,0.116,1.86,43,16.0
1521,0.117,1.86,43,15.9
1522,0.117,1.86,43,15.9
1523,0.117,1.86,43,15.9
1524,0.116,1.86,43,16.0
1525,0.116,1.86,43,16.0
1526,0.116,1.86,43,16.0
1527,0.116,1.86,43,16.0
1528,0.117,1.85,43,15.8
1529,0.116,1.86,43,16.0
1530,0.116,1.86,43,16.0
1531,0.116,1.86,42.9,16.0
1532,0.117,1.86,42.9,15.9
1533,0.116,1.85,42.9,15.9
1534,0.116,1.85,42.9,15.9
1535,0.115,1.86,42.9,16.2
1536,0.116,1.86,42.9,16.0
1537,0.116,1.85,42.9,15.9
1538,0.115,1.85,42.9,16.1
1539,0.116,1.86,42.9,16.0
1540,0.116,1.86,42.9,16.0
1541,0.115,1.86,42.9,16.2
1542,0.116,1.86,42.9,16.0
1543,0.117,1.85,42.8,15.8
1544,0.117,1.86,42.8,15.9
1545,0.115,1.85,42.8,16.1
1546,0.114,1.85,42.8,16.2
1547,0.116,1.85,42.8,15.9
1548,0.116,1.85,42.8,15.9
1549,0.116,1.86,42.8,16.0
1550,0.116,1.85,42.8,15.9
1551,0.116,1.86,42.8,16.0
1552,0.116,1.86,42.8,16.0
1553,0.116,1.86,42.8,16.0
1554,0.117,1.86,42.8,15.9
1555,0.116,1.86,42.7,16.0
1556,0.116,1.85,42.7,15.9
1557,0.116,1.85,42.7,15.9
1558,0.116,1.85,42.7,15.9
1559,0.117,1.86,42.7,15.9
1560,0.116,1.86,42.7,16.0
1561,0.117,1.85,42.7,15.8
1562,0.116,1.86,42.7,16.0
1563,0.117,1.86,42.7,15.9
1564,0.116,1.86,42.7,16.0
1565,0.116,1.86,42.7,16.0
1566,0.116,1.86,42.7,16.0
1567,0.116,1.86,42.7,16.0
1568,0.116,1.86,42.7,16.0
1569,0.116,1.85,42.7,15.9
1570,0.115,1.86,42.6,16.2
1571,0.116,1.86,42.6,16.0
1572,0.116,1.85,42.6,15.9
1573,0.116,1.86,42.6,16.0
1574,0.116,1.86,42.6,16.0
1575,0.118,1.85,42.6,15.7
1576,0.117,1.86,42.6,15.9
1577,0.116,1.86,42.6,16.0
1578,0.115,1.85,42.6,16.1
1579,0.115,1.86,42.6,16.2
1580,0.116,1.86,42.5,16.0
1581,0.116,1.86,42.5,16.0
1582,0.116,1.86,42.5,16.0
1583,0.116,1.86,42.5,16.0
1584,0.116,1.86,42.5,16.0
1585,0.117,1.86,42.5,15.9
1586,0.116,1.85,42.5,15.9
1587,0.116,1.86,42.5,16.0
1588,0.116,1.86,42.5,16.0
1589,0.117,1.86,42.5,15.9
1590,0.116,1.86,42.5,16.0
1591,0.116,1.86,42.5,16.0
1592,0.115,1.85,42.5,16.1
1593,0.116,1.85,42.5,15.9
1594,0.117,1.86,42.4,15.9
1595,0.116,1.86,42.4,16.0
1596,0.117,1.85,42.4,15.8
1597,0.116,1.86,42.4,16.0
1598,0.116,1.85,42.4,15.9
1599,0.116,1.86,42.4,16.0
1600,0.117,1.86,42.4,15.9
1601,0.117,1.85,42.4,15.8
1602,0.118,1.85,42.4,15.7
1603,0.116,1.86,42.4,16.0
1604,0.116,1.86,42.4,16.0
1605,0.116,1.86,42.3,16.0
1606,0.116,1.86,42.3,16.0
1607,0.117,1.86,42.3,15.9
1608,0.116,1.86,42.3,16.0
1609,0.116,1.86,42.3,16.0
1610,0.116,1.85,42.3,15.9
1611,0.116,1.86,42.3,16.0
1612,0.116,1.86,42.3,16.0
1613,0.116,1.86,42.3,16.0
1614,0.116,1.85,42.3,15.9
1615,0.117,1.86,42.3,15.9
1616,0.117,1.86,42.3,15.9
1617,0.117,1.85,42.3,15.8
1618,0.117,1.85,42.3,15.8
1619,0.116,1.86,42.2,16.0
1620,0.116,1.85,42.2,15.9
1621,0.116,1.86,42.2,16.0
1622,0.117,1.86,42.2,15.9
1623,0.116,1.85,42.2,15.9
1624,0.117,1.86,42.2,15.9
1625,0.116,1.86,42.1,16.0
1626,0.116,1.86,42.1,16.0
1627,0.115,1.85,42.1,16.1
1628,0.116,1.85,42.1,15.9
1629,0.117,1.85,42.1,15.8
1630,0.116,1.86,42.1,16.0
1631,0.116,1.86,42.1,16.0
1632,0.116,1.86,42.1,16.0
1633,0.115,1.85,42.1,16.1
1634,0.114,1.85,42.1,16.2
1635,0.115,1.85,42.1,16.1
1636,0.116,1.86,42.1,16.0
1637,0.116,1.86,42.1,16.0
1638,0.117,1.85,42.1,15.8
1639,0.117,1.86,42.1,15.9
1640,0.118,1.86,42,15.8
1641,0.116,1.86,42,16.0
1642,0.117,1.86,42,15.9
1643,0.117,1.86,42,15.9
1644,0.117,1.86,42,15.9
1645,0.117,1.86,42,15.9
1646,0.117,1.86,42,15.9
1647,0.117,1.85,42,15.8
1648,0.116,1.86,42,16.0
1649,0.116,1.86,42,16.0
1650,0.114,1.85,42,16.2
1651,0.115,1.86,42,16.2
1652,0.116,1.85,42,15.9
1653,0.116,1.86,42,16.0
1654,0.117,1.86,41.9,15.9
1655,0.116,1.85,41.9,15.9
1656,0.116,1.85,41.9,15.9
1657,0.116,1.85,41.9,15.9
1658,0.116,1.86,41.9,16.0
1659,0.116,1.86,41.9,16.0
1660,0.117,1.86,41.9,15.9
1661,0.117,1.86,41.9,15.9
1662,0.116,1.86,41.9,16.0
1663,0.117,1.86,41.9,15.9
1664,0.117,1.86,41.9,15.9
1665,0.116,1.86,41.9,16.0
1666,0.116,1.86,41.9,16.0
1667,0.117,1.86,41.8,15.9
1668,0.116,1.86,41.8,16.0
1669,0.116,1.86,41.8,16.0
1670,0.116,1.86,41.8,16.0
1671,0.116,1.86,41.8,16.0
1672,0.116,1.85,41.8,15.9
1673,0.116,1.86,41.8,16.0
1674,0.117,1.85,41.8,15.8
1675,0.116,1.86,41.8,16.0
1676,0.116,1.86,41.8,16.0
1677,0.118,1.86,41.8,15.8
1678,0.115,1.85,41.8,16.1
1679,0.116,1.86,41.8,16.0
1680,0.116,1.85,41.8,15.9
1681,0.116,1.85,41.8,15.9
1682,0.116,1.86,41.8,16.0
1683,0.116,1.86,41.8,16.0
1684,0.118,1.86,41.8,15.8
1685,0.116,1.86,41.8,16.0
1686,0.118,1.86,41.8,15.8
1687,0.117,1.86,41.8,15.9
1688,0.116,1.86,41.8,16.0
1689,0.117,1.86,41.8,15.9
1690,0.116,1.86,41.7,16.0
1691,0.114,1.85,41.7,16.2
1692,0.117,1.86,41.7,15.9
1693,0.116,1.85,41.7,15.9
1694,0.116,1.86,41.7,16.0
1695,0.117,1.86,41.7,15.9
1696,0.116,1.86,41.7,16.0
1697,0.117,1.86,41.7,15.9
1698,0.116,1.86,41.7,16.0
1699,0.117,1.86,41.7,15.9
1700,0.116,1.85,41.7,15.9
1701,0.116,1.86,41.7,16.0
1702,0.116,1.85,41.7,15.9
1703,0.116,1.85,41.7,15.9
1704,0.117,1.86,41.7,15.9
1705,0.117,1.86,41.7,15.9
1706,0.117,1.86,41.7,15.9
1707,0.118,1.86,41.6,15.8
1708,0.116,1.86,41.6,16.0
1709,0.117,1.86,41.6,15.9
1710,0.117,1.86,41.6,15.9
1711,0.117,1.86,41.6,15.9
1712,0.117,1.85,41.6,15.8
1713,0.116,1.86,41.6,16.0
1714,0.116,1.86,41.6,16.0
1715,0.116,1.85,41.6,15.9
1716,0.116,1.85,41.5,15.9
1717,0.117,1.86,41.5,15.9
1718,0.117,1.85,41.5,15.8
1719,0.117,1.86,41.5,15.9
1720,0.116,1.85,41.5,15.9
1721,0.117,1.85,41.5,15.8
1722,0.117,1.85,41.5,15.8
1723,0.117,1.86,41.5,15.9
1724,0.117,1.85,41.5,15.8
1725,0.116,1.86,41.5,16.0
1726,0.115,1.85,41.5,16.1
1727,0.114,1.85,41.4,16.2
1728,0.115,1.85,41.4,16.1
1729,0.114,1.85,41.4,16.2
1730,0.115,1.85,41.4,16.1
1731,0.116,1.86,41.4,16.0
1732,0.116,1.86,41.3,16.0
1733,0.117,1.86,41.3,15.9
1734,0.117,1.85,41.3,15.8
1735,0.117,1.86,41.3,15.9
1736,0.117,1.86,41.3,15.9
1737,0.118,1.86,41.3,15.8
1738,0.117,1.85,41.3,15.8
1739,0.117,1.86,41.3,15.9
1740,0.116,1.85,41.3,15.9
1741,0.116,1.85,41.3,15.9
1742,0.116,1.86,41.3,16.0
1743,0.117,1.85,41.3,15.8
1744,0.117,1.86,41.3,15.9
1745,0.116,1.86,41.3,16.0
1746,0.117,1.86,41.3,15.9
1747,0.117,1.86,41.3,15.9
1748,0.117,1.85,41.3,15.8
1749,0.117,1.85,41.3,15.8
1750,0.116,1.86,41.3,16.0
1751,0.116,1.85,41.3,15.9
1752,0.116,1.85,41.2,15.9
1753,0.116,1.86,41.2,16.0
1754,0.117,1.86,41.2,15.9
1755,0.114,1.85,41.2,16.2
1756,0.116,1.85,41.2,15.9
1757,0.116,1.86,41.2,16.0
1758,0.116,1.86,41.2,16.0
1759,0.117,1.86,41.2,15.9
1760,0.118,1.86,41.2,15.8
1761,0.116,1.86,41.2,16.0
1762,0.117,1.86,41.2,15.9
1763,0.116,1.86,41.2,16.0
1764,0.117,1.86,41.2,15.9
1765,0.117,1.85,41.2,15.8
1766,0.116,1.85,41.2,15.9
1767,0.116,1.85,41.2,15.9
1768,0.117,1.85,41.2,15.8
1769,0.116,1.85,41.2,15.9
1770,0.118,1.85,41.1,15.7
1771,0.116,1.85,41.1,15.9
1772,0.117,1.85,41.1,15.8
1773,0.118,1.86,41.1,15.8
1774,0.117,1.85,41.1,15.8
1775,0.116,1.86,41.1,16.0
1776,0.118,1.86,41.1,15.8
1777,0.117,1.86,41.1,15.9
1778,0.117,1.85,41.1,15.8
1779,0.117,1.86,41.1,15.9
1780,0.116,1.86,41.1,16.0
1781,0.117,1.86,41.1,15.9
1782,0.116,1.86,41.1,16.0
1783,0.114,1.85,41.1,16.2
1784,0.116,1.86,41.1,16.0
1785,0.116,1.85,41,15.9
1786,0.117,1.86,41,15.9
1787,0.118,1.86,41,15.8
1788,0.117,1.85,41,15.8
1789,0.117,1.85,41,15.8
1790,0.117,1.86,41,15.9
1791,0.117,1.86,41,15.9
1792,0.117,1.86,41,15.9
1793,0.117,1.85,41,15.8
1794,0.117,1.85,41,15.8
1795,0.117,1.85,41,15.8
1796,0.117,1.85,41,15.8
1797,0.115,1.85,41,16.1
1798,0.117,1.85,41,15.8
1799,0.118,1.86,41,15.8
1800,0.116,1.85,41,15.9
1801,0.116,1.85,41,15.9
1802,0.117,1.86,41,15.9
1803,0.117,1.85,41,15.8
1804,0.117,1.86,41,15.9
1805,0.116,1.85,40.9,15.9
1806,0.116,1.85,40.9,15.9
1807,0.117,1.85,40.9,15.8
1808,0.115,1.86,40.9,16.2
1809,0.117,1.86,40.9,15.9
1810,0.116,1.86,40.9,16.0
1811,0.117,1.86,40.8,15.9
1812,0.117,1.86,40.8,15.9
1813,0.117,1.85,40.8,15.8
1814,0.116,1.85,40.8,15.9
1815,0.118,1.85,40.8,15.7
1816,0.117,1.85,40.8,15.8
1817,0.116,1.85,40.8,15.9
1818,0.117,1.85,40.8,15.8
1819,0.117,1.85,40.8,15.8
1820,0.116,1.85,40.8,15.9
1821,0.116,1.85,40.8,15.9
1822,0.116,1.86,40.8,16.0
1823,0.118,1.86,40.7,15.8
1824,0.116,1.86,40.8,16.0
1825,0.117,1.85,40.8,15.8
1826,0.115,1.85,40.8,16.1
1827,0.117,1.86,40.8,15.9
1828,0.117,1.85,40.8,15.8
1829,0.118,1.86,40.8,15.8
1830,0.116,1.86,40.8,16.0
1831,0.117,1.85,40.8,15.8
1832,0.117,1.86,40.8,15.9
1833,0.117,1.85,40.7,15.8
1834,0.117,1.86,40.7,15.9
1835,0.117,1.85,40.7,15.8
1836,0.117,1.85,40.7,15.8
1837,0.117,1.85,40.7,15.8
1838,0.117,1.85,40.7,15.8
1839,0.117,1.85,40.7,15.8
1840,0.117,1.85,40.7,15.8
1841,0.116,1.86,40.7,16.0
1842,0.115,1.85,40.7,16.1
1843,0.116,1.85,40.7,15.9
1844,0.117,1.86,40.7,15.9
1845,0.118,1.86,40.6,15.8
1846,0.118,1.86,40.6,15.8
1847,0.117,1.85,40.6,15.8
1848,0.117,1.85,40.6,15.8
1849,0.117,1.85,40.6,15.8
1850,0.117,1.86,40.6,15.9
1851,0.117,1.86,40.6,15.9
1852,0.116,1.85,40.5,15.9
1853,0.117,1.85,40.6,15.8
1854,0.117,1.85,40.5,15.8
1855,0.117,1.85,40.6,15.8
1856,0.117,1.86,40.6,15.9
1857,0.117,1.85,40.6,15.8
1858,0.117,1.85,40.6,15.8
1859,0.117,1.85,40.6,15.8
1860,0.117,1.86,40.6,15.9
1861,0.117,1.86,40.6,15.9
1862,0.116,1.85,40.6,15.9
