20,0.00265,2.24,77,845.283018867925,0.012987012987013,2.92700214439736
21,0.0053,2.24,77.2,422.641509433962,0.0129533678756477,2.62597214873337
22,0.00318,2.24,77,704.402515723271,0.012987012987013,2.84782089834973
23,0.00371,2.23,76.9,601.078167115903,0.0130039011703511,2.77893095343311
24,0.00371,2.24,76.7,603.77358490566,0.0130378096479791,2.78087410871912
25,0.00424,2.24,76.6,528.301886792453,0.0130548302872063,2.72288216174143
26,0.00424,2.23,76.6,525.943396226415,0.0130548302872063,2.72093900645543
27,0.00424,2.24,76.5,528.301886792453,0.0130718954248366,2.72288216174143
28,0.00477,2.23,76.4,467.505241090147,0.0130890052356021,2.66978648400805
29,0.00477,2.23,76.2,467.505241090147,0.0131233595800525,2.66978648400805
30,0.00477,2.23,75.8,467.505241090147,0.0131926121372032,2.66978648400805
31,0.0053,2.23,75.4,420.754716981132,0.013262599469496,2.62402899344737
32,0.00477,2.23,75,467.505241090147,0.0133333333333333,2.66978648400805
33,0.00424,2.23,74.6,525.943396226415,0.0134048257372654,2.72093900645543
34,0.00371,2.23,74.2,601.078167115903,0.0134770889487871,2.77893095343311
35,0.00477,2.23,73.9,467.505241090147,0.013531799729364,2.66978648400805
36,0.00477,2.23,73.5,467.505241090147,0.0136054421768707,2.66978648400805
37,0.00636,2.23,73.2,350.62893081761,0.0136612021857924,2.54484774739975
38,0.00689,2.23,72.9,323.657474600871,0.0137174211248285,2.51008564114054
39,0.00583,2.23,72.5,382.504288164666,0.0137931034482759,2.58263630828915
40,0.0053,2.23,72.3,420.754716981132,0.0138312586445367,2.62402899344737
41,0.0053,2.23,71.8,420.754716981132,0.0139275766016713,2.62402899344737
42,0.0053,2.23,71.4,420.754716981132,0.0140056022408964,2.62402899344737
43,0.0053,2.23,71,420.754716981132,0.0140845070422535,2.62402899344737
44,0.00477,2.23,70.5,467.505241090147,0.0141843971631206,2.66978648400805
45,0.00477,2.23,70.3,467.505241090147,0.0142247510668563,2.66978648400805
46,0.0053,2.24,69.9,422.641509433962,0.0143061516452074,2.62597214873337
47,0.00583,2.23,69.7,382.504288164666,0.0143472022955524,2.58263630828915
48,0.00583,2.23,69.4,382.504288164666,0.0144092219020173,2.58263630828915
49,0.00689,2.23,69,323.657474600871,0.0144927536231884,2.51008564114054
50,0.00583,2.23,68.6,382.504288164666,0.0145772594752187,2.58263630828915
51,0.0053,2.23,68.2,420.754716981132,0.0146627565982405,2.62402899344737
52,0.0053,2.23,67.9,420.754716981132,0.0147275405007364,2.62402899344737
53,0.0053,2.23,67.6,420.754716981132,0.014792899408284,2.62402899344737
54,0.0053,2.23,67.3,420.754716981132,0.0148588410104012,2.62402899344737
55,0.0053,2.23,67,420.754716981132,0.0149253731343284,2.62402899344737
56,0.0053,2.23,66.7,420.754716981132,0.0149925037481259,2.62402899344737
57,0.0053,2.23,66.5,420.754716981132,0.0150375939849624,2.62402899344737
58,0.00477,2.23,66.2,467.505241090147,0.0151057401812689,2.66978648400805
59,0.0053,2.23,65.9,420.754716981132,0.0151745068285281,2.62402899344737
60,0.0053,2.23,65.6,420.754716981132,0.0152439024390244,2.62402899344737
61,0.0053,2.23,65.4,420.754716981132,0.0152905198776758,2.62402899344737
62,0.00636,2.23,65,350.62893081761,0.0153846153846154,2.54484774739975
63,0.00689,2.23,64.8,323.657474600871,0.0154320987654321,2.51008564114054
64,0.00689,2.24,64.6,325.10885341074,0.0154798761609907,2.51202879642654
65,0.00689,2.23,64.3,323.657474600871,0.015552099533437,2.51008564114054
66,0.00742,2.23,64,300.539083557951,0.015625,2.47790095776913
67,0.00689,2.24,63.7,325.10885341074,0.0156985871271586,2.51202879642654
68,0.00689,2.23,63.6,323.657474600871,0.0157232704402516,2.51008564114054
69,0.00636,2.24,63.3,352.201257861635,0.0157977883096367,2.54679090268575
70,0.00583,2.23,63,382.504288164666,0.0158730158730159,2.58263630828915
71,0.00477,2.23,62.8,467.505241090147,0.0159235668789809,2.66978648400805
72,0.00477,2.23,62.6,467.505241090147,0.0159744408945687,2.66978648400805
73,0.0053,2.23,62.4,420.754716981132,0.016025641025641,2.62402899344737
74,0.0053,2.23,62.1,420.754716981132,0.0161030595813205,2.62402899344737
75,0.00477,2.23,61.9,467.505241090147,0.0161550888529887,2.66978648400805
76,0.0053,2.23,61.6,420.754716981132,0.0162337662337662,2.62402899344737
77,0.00477,2.23,61.4,467.505241090147,0.0162866449511401,2.66978648400805
78,0.00477,2.23,61.2,467.505241090147,0.0163398692810458,2.66978648400805
79,0.0053,2.23,61,420.754716981132,0.0163934426229508,2.62402899344737
80,0.0053,2.23,60.8,420.754716981132,0.0164473684210526,2.62402899344737
81,0.0053,2.23,60.5,420.754716981132,0.0165289256198347,2.62402899344737
82,0.0053,2.23,60.3,420.754716981132,0.0165837479270315,2.62402899344737
83,0.00689,2.23,60.1,323.657474600871,0.0166389351081531,2.51008564114054
84,0.0053,2.23,59.9,420.754716981132,0.0166944908180301,2.62402899344737
85,0.00583,2.23,59.7,382.504288164666,0.016750418760469,2.58263630828915
86,0.0053,2.23,59.6,420.754716981132,0.0167785234899329,2.62402899344737
87,0.00477,2.24,59.3,469.601677148847,0.0168634064080944,2.67172963929405
88,0.0053,2.23,59.1,420.754716981132,0.0169204737732657,2.62402899344737
89,0.00477,2.23,59,467.505241090147,0.0169491525423729,2.66978648400805
90,0.00583,2.23,58.8,382.504288164666,0.0170068027210884,2.58263630828915
91,0.00477,2.23,58.6,467.505241090147,0.0170648464163823,2.66978648400805
92,0.0053,2.23,58.4,420.754716981132,0.0171232876712329,2.62402899344737
93,0.00583,2.23,58.2,382.504288164666,0.0171821305841924,2.58263630828915
94,0.0053,2.23,58.1,420.754716981132,0.0172117039586919,2.62402899344737
95,0.00477,2.24,57.9,469.601677148847,0.0172711571675302,2.67172963929405
96,0.00477,2.23,57.7,467.505241090147,0.0173310225303293,2.66978648400805
97,0.00477,2.23,57.5,467.505241090147,0.0173913043478261,2.66978648400805
98,0.0053,2.23,57.4,420.754716981132,0.0174216027874564,2.62402899344737
99,0.0053,2.23,57.2,420.754716981132,0.0174825174825175,2.62402899344737
100,0.0053,2.23,57,420.754716981132,0.0175438596491228,2.62402899344737
101,0.00477,2.23,56.9,467.505241090147,0.0175746924428823,2.66978648400805
102,0.0053,2.23,56.7,420.754716981132,0.017636684303351,2.62402899344737
103,0.0053,2.23,56.6,420.754716981132,0.0176678445229682,2.62402899344737
104,0.00477,2.23,56.4,467.505241090147,0.0177304964539007,2.66978648400805
105,0.00583,2.23,56.3,382.504288164666,0.0177619893428064,2.58263630828915
106,0.00424,2.23,56.1,525.943396226415,0.017825311942959,2.72093900645543
107,0.00583,2.23,56,382.504288164666,0.0178571428571429,2.58263630828915
108,0.00424,2.23,55.8,525.943396226415,0.017921146953405,2.72093900645543
109,0.00477,2.23,55.7,467.505241090147,0.0179533213644524,2.66978648400805
110,0.0053,2.23,55.5,420.754716981132,0.018018018018018,2.62402899344737
111,0.0053,2.23,55.4,420.754716981132,0.0180505415162455,2.62402899344737
112,0.00424,2.23,55.3,525.943396226415,0.0180831826401447,2.72093900645543
113,0.00583,2.23,55.1,382.504288164666,0.0181488203266788,2.58263630828915
114,0.00583,2.23,55,382.504288164666,0.0181818181818182,2.58263630828915
115,0.00477,2.23,54.8,467.505241090147,0.0182481751824818,2.66978648400805
116,0.0053,2.23,54.7,420.754716981132,0.0182815356489945,2.62402899344737
117,0.0053,2.23,54.6,420.754716981132,0.0183150183150183,2.62402899344737
118,0.00583,2.23,54.5,382.504288164666,0.018348623853211,2.58263630828915
119,0.00583,2.23,54.3,382.504288164666,0.0184162062615101,2.58263630828915
120,0.00636,2.23,54.2,350.62893081761,0.018450184501845,2.54484774739975
121,0.0053,2.23,54.1,420.754716981132,0.0184842883548983,2.62402899344737
122,0.0053,2.23,54,420.754716981132,0.0185185185185185,2.62402899344737
123,0.00636,2.24,53.9,352.201257861635,0.0185528756957328,2.54679090268575
124,0.0053,2.24,53.7,422.641509433962,0.0186219739292365,2.62597214873337
125,0.00424,2.23,53.6,525.943396226415,0.0186567164179104,2.72093900645543
126,0.00318,2.24,53.5,704.402515723271,0.0186915887850467,2.84782089834973
127,0.00424,2.24,53.4,528.301886792453,0.0187265917602996,2.72288216174143
128,0.00424,2.23,53.3,525.943396226415,0.0187617260787993,2.72093900645543
129,0.00477,2.23,53.1,467.505241090147,0.0188323917137476,2.66978648400805
130,0.0053,2.23,53.1,420.754716981132,0.0188323917137476,2.62402899344737
131,0.00424,2.23,53,525.943396226415,0.0188679245283019,2.72093900645543
132,0.00477,2.23,52.9,467.505241090147,0.0189035916824197,2.66978648400805
133,0.00477,2.23,52.7,467.505241090147,0.0189753320683112,2.66978648400805
134,0.0053,2.23,52.6,420.754716981132,0.0190114068441065,2.62402899344737
135,0.00477,2.23,52.5,467.505241090147,0.0190476190476191,2.66978648400805
136,0.00583,2.23,52.5,382.504288164666,0.0190476190476191,2.58263630828915
137,0.00477,2.23,52.4,467.505241090147,0.0190839694656489,2.66978648400805
138,0.00424,2.23,52.3,525.943396226415,0.0191204588910134,2.72093900645543
139,0.00424,2.23,52.2,525.943396226415,0.0191570881226054,2.72093900645543
140,0.00477,2.23,52,467.505241090147,0.0192307692307692,2.66978648400805
141,0.00424,2.23,51.9,525.943396226415,0.0192678227360308,2.72093900645543
142,0.0053,2.24,51.8,422.641509433962,0.0193050193050193,2.62597214873337
143,0.00477,2.23,51.8,467.505241090147,0.0193050193050193,2.66978648400805
144,0.00477,2.23,51.7,467.505241090147,0.0193423597678917,2.66978648400805
145,0.00583,2.24,51.6,384.219554030875,0.0193798449612403,2.58457946357515
146,0.00424,2.23,51.5,525.943396226415,0.0194174757281553,2.72093900645543
147,0.00477,2.23,51.4,467.505241090147,0.0194552529182879,2.66978648400805
148,0.00477,2.23,51.3,467.505241090147,0.0194931773879142,2.66978648400805
149,0.00689,2.24,51.2,325.10885341074,0.01953125,2.51202879642654
150,0.00477,2.23,51.2,467.505241090147,0.01953125,2.66978648400805
151,0.00424,2.23,51.1,525.943396226415,0.0195694716242661,2.72093900645543
152,0.00318,2.23,51,701.25786163522,0.0196078431372549,2.84587774306373
153,0.00477,2.23,50.9,467.505241090147,0.0196463654223969,2.66978648400805
154,0.00583,2.23,50.9,382.504288164666,0.0196463654223969,2.58263630828915
155,0.0053,2.23,50.8,420.754716981132,0.0196850393700787,2.62402899344737
156,0.00424,2.24,50.7,528.301886792453,0.019723865877712,2.72288216174143
157,0.00424,2.23,50.6,525.943396226415,0.0197628458498024,2.72093900645543
158,0.0053,2.24,50.5,422.641509433962,0.0198019801980198,2.62597214873337
159,0.0053,2.24,50.4,422.641509433962,0.0198412698412698,2.62597214873337
160,0.00424,2.23,50.3,525.943396226415,0.0198807157057654,2.72093900645543
161,0.00424,2.23,50.3,525.943396226415,0.0198807157057654,2.72093900645543
162,0.00424,2.24,50.2,528.301886792453,0.0199203187250996,2.72288216174143
163,0.00477,2.23,50.1,467.505241090147,0.0199600798403194,2.66978648400805
164,0.00583,2.24,50.1,384.219554030875,0.0199600798403194,2.58457946357515
165,0.00689,2.24,50,325.10885341074,0.02,2.51202879642654
166,0.00477,2.24,49.9,469.601677148847,0.0200400801603206,2.67172963929405
167,0.00424,2.24,49.8,528.301886792453,0.0200803212851406,2.72288216174143
168,0.00318,2.23,49.8,701.25786163522,0.0200803212851406,2.84587774306373
169,0.00265,2.23,49.7,841.509433962264,0.0201207243460765,2.92505898911135
170,0.00424,2.23,49.7,525.943396226415,0.0201207243460765,2.72093900645543
171,0.00477,2.24,49.6,469.601677148847,0.0201612903225806,2.67172963929405
172,0.00477,2.23,49.5,467.505241090147,0.0202020202020202,2.66978648400805
173,0.00424,2.24,49.5,528.301886792453,0.0202020202020202,2.72288216174143
174,0.0053,2.24,49.4,422.641509433962,0.0202429149797571,2.62597214873337
175,0.00477,2.24,49.3,469.601677148847,0.0202839756592292,2.67172963929405
176,0.00477,2.24,49.2,469.601677148847,0.0203252032520325,2.67172963929405
177,0.00477,2.23,49.2,467.505241090147,0.0203252032520325,2.66978648400805
178,0.00318,2.23,49.1,701.25786163522,0.0203665987780041,2.84587774306373
179,0.00477,2.23,49.1,467.505241090147,0.0203665987780041,2.66978648400805
180,0.00477,2.24,49,469.601677148847,0.0204081632653061,2.67172963929405
181,0.00424,2.23,49,525.943396226415,0.0204081632653061,2.72093900645543
182,0.00477,2.24,48.9,469.601677148847,0.0204498977505113,2.67172963929405
183,0.00477,2.23,48.8,467.505241090147,0.0204918032786885,2.66978648400805
184,0.00583,2.24,48.8,384.219554030875,0.0204918032786885,2.58457946357515
185,0.00477,2.23,48.7,467.505241090147,0.0205338809034908,2.66978648400805
186,0.00424,2.24,48.7,528.301886792453,0.0205338809034908,2.72288216174143
187,0.00424,2.23,48.6,525.943396226415,0.0205761316872428,2.72093900645543
188,0.00424,2.23,48.6,525.943396226415,0.0205761316872428,2.72093900645543
189,0.00424,2.23,48.5,525.943396226415,0.0206185567010309,2.72093900645543
190,0.00424,2.23,48.5,525.943396226415,0.0206185567010309,2.72093900645543
191,0.00424,2.23,48.4,525.943396226415,0.0206611570247934,2.72093900645543
192,0.00477,2.24,48.4,469.601677148847,0.0206611570247934,2.67172963929405
193,0.00424,2.23,48.3,525.943396226415,0.020703933747412,2.72093900645543
194,0.00424,2.23,48.2,525.943396226415,0.020746887966805,2.72093900645543
195,0.0053,2.24,48.2,422.641509433962,0.020746887966805,2.62597214873337
196,0.00742,2.24,48.1,301.88679245283,0.0207900207900208,2.47984411305514
197,0.00636,2.24,48.1,352.201257861635,0.0207900207900208,2.54679090268575
198,0.00424,2.24,48,528.301886792453,0.0208333333333333,2.72288216174143
199,0.00318,2.23,48,701.25786163522,0.0208333333333333,2.84587774306373
200,0.00424,2.24,48,528.301886792453,0.0208333333333333,2.72288216174143
201,0.0053,2.24,47.9,422.641509433962,0.0208768267223382,2.62597214873337
202,0.00477,2.24,47.8,469.601677148847,0.0209205020920502,2.67172963929405
203,0.00424,2.24,47.8,528.301886792453,0.0209205020920502,2.72288216174143
204,0.00477,2.24,47.7,469.601677148847,0.0209643605870021,2.67172963929405
205,0.00477,2.24,47.7,469.601677148847,0.0209643605870021,2.67172963929405
206,0.0053,2.23,47.6,420.754716981132,0.0210084033613445,2.62402899344737
207,0.00477,2.24,47.6,469.601677148847,0.0210084033613445,2.67172963929405
208,0.00424,2.24,47.5,528.301886792453,0.0210526315789474,2.72288216174143
209,0.00318,2.23,47.5,701.25786163522,0.0210526315789474,2.84587774306373
210,0.00477,2.24,47.4,469.601677148847,0.0210970464135021,2.67172963929405
211,0.00636,2.25,47.4,353.77358490566,0.0210970464135021,2.54872540246295
212,0.00583,2.24,47.4,384.219554030875,0.0210970464135021,2.58457946357515
213,0.00424,2.24,47.3,528.301886792453,0.0211416490486258,2.72288216174143
214,0.00424,2.24,47.3,528.301886792453,0.0211416490486258,2.72288216174143
215,0.00477,2.23,47.3,467.505241090147,0.0211416490486258,2.66978648400805
216,0.00424,2.24,47.2,528.301886792453,0.0211864406779661,2.72288216174143
217,0.00371,2.23,47.2,601.078167115903,0.0211864406779661,2.77893095343311
218,0.0053,2.24,47.1,422.641509433962,0.0212314225053079,2.62597214873337
219,0.00424,2.24,47.1,528.301886792453,0.0212314225053079,2.72288216174143
220,0.00424,2.23,47,525.943396226415,0.0212765957446809,2.72093900645543
221,0.00318,2.24,47,704.402515723271,0.0212765957446809,2.84782089834973
222,0.00424,2.24,47,528.301886792453,0.0212765957446809,2.72288216174143
223,0.00424,2.24,46.9,528.301886792453,0.0213219616204691,2.72288216174143
224,0.00371,2.24,46.9,603.77358490566,0.0213219616204691,2.78087410871912
225,0.00371,2.24,46.9,603.77358490566,0.0213219616204691,2.78087410871912
226,0.00371,2.24,46.8,603.77358490566,0.0213675213675214,2.78087410871912
227,0.0053,2.24,46.8,422.641509433962,0.0213675213675214,2.62597214873337
228,0.00371,2.23,46.7,601.078167115903,0.0214132762312634,2.77893095343311
229,0.00371,2.23,46.7,601.078167115903,0.0214132762312634,2.77893095343311
230,0.00371,2.24,46.7,603.77358490566,0.0214132762312634,2.78087410871912
231,0.00477,2.24,46.6,469.601677148847,0.0214592274678112,2.67172963929405
232,0.00424,2.23,46.6,525.943396226415,0.0214592274678112,2.72093900645543
233,0.00424,2.24,46.6,528.301886792453,0.0214592274678112,2.72288216174143
234,0.00371,2.24,46.6,603.77358490566,0.0214592274678112,2.78087410871912
235,0.00371,2.24,46.5,603.77358490566,0.021505376344086,2.78087410871912
236,0.00371,2.24,46.5,603.77358490566,0.021505376344086,2.78087410871912
237,0.00371,2.24,46.4,603.77358490566,0.021551724137931,2.78087410871912
238,0.00424,2.24,46.4,528.301886792453,0.021551724137931,2.72288216174143
239,0.00212,2.23,46.4,1051.88679245283,0.021551724137931,3.02196900211941
240,0.00318,2.23,46.3,701.25786163522,0.0215982721382289,2.84587774306373
241,0.0053,2.24,46.3,422.641509433962,0.0215982721382289,2.62597214873337
242,0.00318,2.23,46.3,701.25786163522,0.0215982721382289,2.84587774306373
243,0.00424,2.24,46.3,528.301886792453,0.0215982721382289,2.72288216174143
244,0.00689,2.24,46.2,325.10885341074,0.0216450216450216,2.51202879642654
245,0.00371,2.23,46.2,601.078167115903,0.0216450216450216,2.77893095343311
246,0.00371,2.24,46.2,603.77358490566,0.0216450216450216,2.78087410871912
247,0.00424,2.24,46.1,528.301886792453,0.0216919739696312,2.72288216174143
248,0.00371,2.24,46.1,603.77358490566,0.0216919739696312,2.78087410871912
249,0.00371,2.23,46.1,601.078167115903,0.0216919739696312,2.77893095343311
250,0.00371,2.24,46,603.77358490566,0.0217391304347826,2.78087410871912
251,0.0053,2.24,46,422.641509433962,0.0217391304347826,2.62597214873337
252,0.00371,2.23,46,601.078167115903,0.0217391304347826,2.77893095343311
253,0.00318,2.24,45.9,704.402515723271,0.0217864923747277,2.84782089834973
254,0.00318,2.24,45.9,704.402515723271,0.0217864923747277,2.84782089834973
255,0.00371,2.23,45.8,601.078167115903,0.0218340611353712,2.77893095343311
256,0.00371,2.24,45.8,603.77358490566,0.0218340611353712,2.78087410871912
257,0.00371,2.23,45.8,601.078167115903,0.0218340611353712,2.77893095343311
258,0.00318,2.23,45.8,701.25786163522,0.0218340611353712,2.84587774306373
259,0.00371,2.23,45.7,601.078167115903,0.0218818380743983,2.77893095343311
260,0.00424,2.24,45.7,528.301886792453,0.0218818380743983,2.72288216174143
261,0.00424,2.23,45.7,525.943396226415,0.0218818380743983,2.72093900645543
262,0.00424,2.24,45.6,528.301886792453,0.0219298245614035,2.72288216174143
263,0.00424,2.24,45.6,528.301886792453,0.0219298245614035,2.72288216174143
264,0.00318,2.24,45.6,704.402515723271,0.0219298245614035,2.84782089834973
265,0.00265,2.23,45.6,841.509433962264,0.0219298245614035,2.92505898911135
266,0.00212,2.23,45.6,1051.88679245283,0.0219298245614035,3.02196900211941
267,0.00318,2.24,45.5,704.402515723271,0.021978021978022,2.84782089834973
268,0.00371,2.24,45.5,603.77358490566,0.021978021978022,2.78087410871912
269,0.00318,2.24,45.4,704.402515723271,0.0220264317180617,2.84782089834973
270,0.00424,2.24,45.4,528.301886792453,0.0220264317180617,2.72288216174143
271,0.00477,2.24,45.4,469.601677148847,0.0220264317180617,2.67172963929405
272,0.00583,2.23,45.4,382.504288164666,0.0220264317180617,2.58263630828915
273,0.00477,2.24,45.3,469.601677148847,0.022075055187638,2.67172963929405
274,0.0053,2.24,45.3,422.641509433962,0.022075055187638,2.62597214873337
275,0.00477,2.24,45.3,469.601677148847,0.022075055187638,2.67172963929405
276,0.00318,2.24,45.3,704.402515723271,0.022075055187638,2.84782089834973
277,0.00371,2.24,45.3,603.77358490566,0.022075055187638,2.78087410871912
278,0.00318,2.24,45.2,704.402515723271,0.0221238938053097,2.84782089834973
279,0.00318,2.24,45.2,704.402515723271,0.0221238938053097,2.84782089834973
280,0.00318,2.23,45.2,701.25786163522,0.0221238938053097,2.84587774306373
281,0.00318,2.24,45.1,704.402515723271,0.0221729490022173,2.84782089834973
282,0.00371,2.23,45.1,601.078167115903,0.0221729490022173,2.77893095343311
283,0.00424,2.24,45.1,528.301886792453,0.0221729490022173,2.72288216174143
284,0.00583,2.24,45.1,384.219554030875,0.0221729490022173,2.58457946357515
285,0.00477,2.24,45.1,469.601677148847,0.0221729490022173,2.67172963929405
286,0.00371,2.23,45,601.078167115903,0.0222222222222222,2.77893095343311
287,0.00318,2.23,45,701.25786163522,0.0222222222222222,2.84587774306373
288,0.00212,2.23,45,1051.88679245283,0.0222222222222222,3.02196900211941
289,0.00371,2.24,45,603.77358490566,0.0222222222222222,2.78087410871912
290,0.00371,2.24,45,603.77358490566,0.0222222222222222,2.78087410871912
291,0.00371,2.24,44.9,603.77358490566,0.022271714922049,2.78087410871912
292,0.00424,2.24,44.9,528.301886792453,0.022271714922049,2.72288216174143
293,0.00424,2.23,44.9,525.943396226415,0.022271714922049,2.72093900645543
294,0.00371,2.23,44.9,601.078167115903,0.022271714922049,2.77893095343311
295,0.00371,2.23,44.8,601.078167115903,0.0223214285714286,2.77893095343311
296,0.00318,2.24,44.8,704.402515723271,0.0223214285714286,2.84782089834973
297,0.00318,2.24,44.8,704.402515723271,0.0223214285714286,2.84782089834973
298,0.00318,2.23,44.8,701.25786163522,0.0223214285714286,2.84587774306373
299,0.00477,2.24,44.8,469.601677148847,0.0223214285714286,2.67172963929405
300,0.00371,2.24,44.8,603.77358490566,0.0223214285714286,2.78087410871912
301,0.00371,2.24,44.7,603.77358490566,0.0223713646532438,2.78087410871912
302,0.00371,2.24,44.7,603.77358490566,0.0223713646532438,2.78087410871912
303,0.00371,2.24,44.7,603.77358490566,0.0223713646532438,2.78087410871912
304,0.00371,2.24,44.6,603.77358490566,0.0224215246636771,2.78087410871912
305,0.00424,2.24,44.6,528.301886792453,0.0224215246636771,2.72288216174143
306,0.00583,2.24,44.6,384.219554030875,0.0224215246636771,2.58457946357515
307,0.00636,2.24,44.6,352.201257861635,0.0224215246636771,2.54679090268575
308,0.00424,2.24,44.6,528.301886792453,0.0224215246636771,2.72288216174143
309,0.00265,2.23,44.6,841.509433962264,0.0224215246636771,2.92505898911135
310,0.00477,2.24,44.5,469.601677148847,0.0224719101123596,2.67172963929405
311,0.00371,2.24,44.5,603.77358490566,0.0224719101123596,2.78087410871912
312,0.00318,2.23,44.5,701.25786163522,0.0224719101123596,2.84587774306373
313,0.00212,2.24,44.5,1056.60377358491,0.0224719101123596,3.02391215740541
314,0.00265,2.23,44.5,841.509433962264,0.0224719101123596,2.92505898911135
315,0.00212,2.23,44.4,1051.88679245283,0.0225225225225225,3.02196900211941
316,0.00159,2.24,44.4,1408.80503144654,0.0225225225225225,3.14885089401371
317,0.00212,2.24,44.4,1056.60377358491,0.0225225225225225,3.02391215740541
318,0.00318,2.24,44.4,704.402515723271,0.0225225225225225,2.84782089834973
319,0.00371,2.24,44.3,603.77358490566,0.0225733634311512,2.78087410871912
320,0.00371,2.24,44.3,603.77358490566,0.0225733634311512,2.78087410871912
321,0.00371,2.24,44.3,603.77358490566,0.0225733634311512,2.78087410871912
322,0.00318,2.24,44.3,704.402515723271,0.0225733634311512,2.84782089834973
323,0.00371,2.24,44.3,603.77358490566,0.0225733634311512,2.78087410871912
324,0.00265,2.24,44.3,845.283018867925,0.0225733634311512,2.92700214439736
325,0.00371,2.24,44.2,603.77358490566,0.0226244343891403,2.78087410871912
326,0.00371,2.24,44.2,603.77358490566,0.0226244343891403,2.78087410871912
327,0.00318,2.23,44.2,701.25786163522,0.0226244343891403,2.84587774306373
328,0.00371,2.24,44.2,603.77358490566,0.0226244343891403,2.78087410871912
329,0.00371,2.24,44.2,603.77358490566,0.0226244343891403,2.78087410871912
330,0.00318,2.23,44.1,701.25786163522,0.0226757369614512,2.84587774306373
331,0.00371,2.24,44.1,603.77358490566,0.0226757369614512,2.78087410871912
332,0.00371,2.24,44.1,603.77358490566,0.0226757369614512,2.78087410871912
333,0.00318,2.24,44.1,704.402515723271,0.0226757369614512,2.84782089834973
334,0.00371,2.24,44.1,603.77358490566,0.0226757369614512,2.78087410871912
335,0.00318,2.24,44.1,704.402515723271,0.0226757369614512,2.84782089834973
336,0.00371,2.24,44.1,603.77358490566,0.0226757369614512,2.78087410871912
337,0.00424,2.24,44,528.301886792453,0.0227272727272727,2.72288216174143
338,0.00371,2.24,44,603.77358490566,0.0227272727272727,2.78087410871912
339,0.00318,2.23,44,701.25786163522,0.0227272727272727,2.84587774306373
340,0.00371,2.24,43.9,603.77358490566,0.0227790432801822,2.78087410871912
341,0.00371,2.24,43.9,603.77358490566,0.0227790432801822,2.78087410871912
342,0.00265,2.23,43.9,841.509433962264,0.0227790432801822,2.92505898911135
343,0.00371,2.24,43.9,603.77358490566,0.0227790432801822,2.78087410871912
344,0.00371,2.24,43.9,603.77358490566,0.0227790432801822,2.78087410871912
345,0.00318,2.24,43.9,704.402515723271,0.0227790432801822,2.84782089834973
346,0.00318,2.24,43.9,704.402515723271,0.0227790432801822,2.84782089834973
347,0.00318,2.23,43.8,701.25786163522,0.0228310502283105,2.84587774306373
348,0.00265,2.24,43.8,845.283018867925,0.0228310502283105,2.92700214439736
349,0.00371,2.24,43.8,603.77358490566,0.0228310502283105,2.78087410871912
350,0.00265,2.24,43.8,845.283018867925,0.0228310502283105,2.92700214439736
351,0.00318,2.24,43.8,704.402515723271,0.0228310502283105,2.84782089834973
352,0.00318,2.24,43.8,704.402515723271,0.0228310502283105,2.84782089834973
353,0.00318,2.24,43.7,704.402515723271,0.022883295194508,2.84782089834973
354,0.00371,2.24,43.7,603.77358490566,0.022883295194508,2.78087410871912
355,0.00371,2.24,43.7,603.77358490566,0.022883295194508,2.78087410871912
356,0.00371,2.23,43.7,601.078167115903,0.022883295194508,2.77893095343311
357,0.00265,2.23,43.7,841.509433962264,0.022883295194508,2.92505898911135
358,0.00318,2.24,43.7,704.402515723271,0.022883295194508,2.84782089834973
359,0.00265,2.24,43.6,845.283018867925,0.0229357798165138,2.92700214439736
360,0.00318,2.24,43.6,704.402515723271,0.0229357798165138,2.84782089834973
361,0.00477,2.23,43.6,467.505241090147,0.0229357798165138,2.66978648400805
362,0.00318,2.24,43.6,704.402515723271,0.0229357798165138,2.84782089834973
363,0.00106,2.24,43.6,2113.20754716981,0.0229357798165138,3.32494215306939
364,0.00371,2.24,43.6,603.77358490566,0.0229357798165138,2.78087410871912
365,0.00265,2.23,43.6,841.509433962264,0.0229357798165138,2.92505898911135
366,0.00318,2.24,43.5,704.402515723271,0.0229885057471264,2.84782089834973
367,0.00371,2.24,43.5,603.77358490566,0.0229885057471264,2.78087410871912
368,0.00371,2.24,43.5,603.77358490566,0.0229885057471264,2.78087410871912
369,0.00318,2.24,43.5,704.402515723271,0.0229885057471264,2.84782089834973
370,0.00318,2.24,43.5,704.402515723271,0.0229885057471264,2.84782089834973
371,0.00318,2.24,43.5,704.402515723271,0.0229885057471264,2.84782089834973
372,0.00424,2.24,43.5,528.301886792453,0.0229885057471264,2.72288216174143
373,0.00477,2.23,43.4,467.505241090147,0.0230414746543779,2.66978648400805
374,0.00318,2.24,43.4,704.402515723271,0.0230414746543779,2.84782089834973
375,0.00371,2.24,43.4,603.77358490566,0.0230414746543779,2.78087410871912
376,0.00318,2.24,43.4,704.402515723271,0.0230414746543779,2.84782089834973
377,0.00424,2.24,43.4,528.301886792453,0.0230414746543779,2.72288216174143
378,0.00424,2.24,43.4,528.301886792453,0.0230414746543779,2.72288216174143
379,0.00159,2.23,43.3,1402.51572327044,0.023094688221709,3.14690773872771
380,0.00371,2.23,43.3,601.078167115903,0.023094688221709,2.77893095343311
381,0.00318,2.24,43.3,704.402515723271,0.023094688221709,2.84782089834973
382,0.00371,2.23,43.3,601.078167115903,0.023094688221709,2.77893095343311
383,0.00371,2.24,43.3,603.77358490566,0.023094688221709,2.78087410871912
384,0.00265,2.23,43.3,841.509433962264,0.023094688221709,2.92505898911135
385,0.00318,2.24,43.3,704.402515723271,0.023094688221709,2.84782089834973
386,0.00318,2.24,43.2,704.402515723271,0.0231481481481481,2.84782089834973
387,0.00371,2.24,43.2,603.77358490566,0.0231481481481481,2.78087410871912
388,0.00212,2.23,43.2,1051.88679245283,0.0231481481481481,3.02196900211941
389,0.00318,2.24,43.2,704.402515723271,0.0231481481481481,2.84782089834973
390,0.00318,2.24,43.2,704.402515723271,0.0231481481481481,2.84782089834973
391,0.00318,2.24,43.2,704.402515723271,0.0231481481481481,2.84782089834973
392,0.00265,2.24,43.2,845.283018867925,0.0231481481481481,2.92700214439736
393,0.00424,2.24,43.1,528.301886792453,0.0232018561484919,2.72288216174143
394,0.00318,2.24,43.1,704.402515723271,0.0232018561484919,2.84782089834973
395,0.00583,2.24,43.1,384.219554030875,0.0232018561484919,2.58457946357515
396,0.00212,2.24,43.1,1056.60377358491,0.0232018561484919,3.02391215740541
397,0.00265,2.24,43.1,845.283018867925,0.0232018561484919,2.92700214439736
398,0.00318,2.24,43.1,704.402515723271,0.0232018561484919,2.84782089834973
399,0.00318,2.24,43.1,704.402515723271,0.0232018561484919,2.84782089834973
400,0.00371,2.24,43.1,603.77358490566,0.0232018561484919,2.78087410871912
401,0.00265,2.24,43.1,845.283018867925,0.0232018561484919,2.92700214439736
402,0.00265,2.23,43.1,841.509433962264,0.0232018561484919,2.92505898911135
403,0.00318,2.24,43,704.402515723271,0.0232558139534884,2.84782089834973
404,0.0053,2.24,43,422.641509433962,0.0232558139534884,2.62597214873337
405,0.00265,2.23,43,841.509433962264,0.0232558139534884,2.92505898911135
406,0.00318,2.24,43,704.402515723271,0.0232558139534884,2.84782089834973
407,0.00318,2.24,43,704.402515723271,0.0232558139534884,2.84782089834973
408,0.00371,2.24,43,603.77358490566,0.0232558139534884,2.78087410871912
409,0.00424,2.24,42.9,528.301886792453,0.0233100233100233,2.72288216174143
410,0.00265,2.24,42.9,845.283018867925,0.0233100233100233,2.92700214439736
411,0.00583,2.24,42.9,384.219554030875,0.0233100233100233,2.58457946357515
412,0.00424,2.24,42.9,528.301886792453,0.0233100233100233,2.72288216174143
413,0.00212,2.24,42.9,1056.60377358491,0.0233100233100233,3.02391215740541
414,0.00265,2.23,42.9,841.509433962264,0.0233100233100233,2.92505898911135
415,0.00371,2.23,42.9,601.078167115903,0.0233100233100233,2.77893095343311
416,0.00371,2.24,42.9,603.77358490566,0.0233100233100233,2.78087410871912
417,0.00371,2.24,42.9,603.77358490566,0.0233100233100233,2.78087410871912
418,0.00424,2.24,42.8,528.301886792453,0.0233644859813084,2.72288216174143
419,0.00212,2.24,42.8,1056.60377358491,0.0233644859813084,3.02391215740541
420,0.00318,2.24,42.8,704.402515723271,0.0233644859813084,2.84782089834973
421,0.00318,2.24,42.8,704.402515723271,0.0233644859813084,2.84782089834973
422,0.00371,2.24,42.8,603.77358490566,0.0233644859813084,2.78087410871912
423,0.00318,2.24,42.8,704.402515723271,0.0233644859813084,2.84782089834973
424,0.00318,2.23,42.8,701.25786163522,0.0233644859813084,2.84587774306373
425,0.00318,2.23,42.7,701.25786163522,0.0234192037470726,2.84587774306373
426,0.0053,2.24,42.7,422.641509433962,0.0234192037470726,2.62597214873337
427,0.00371,2.24,42.7,603.77358490566,0.0234192037470726,2.78087410871912
428,0.00212,2.23,42.7,1051.88679245283,0.0234192037470726,3.02196900211941
429,0.00318,2.24,42.7,704.402515723271,0.0234192037470726,2.84782089834973
430,0.00265,2.23,42.7,841.509433962264,0.0234192037470726,2.92505898911135
431,0.00318,2.24,42.7,704.402515723271,0.0234192037470726,2.84782089834973
432,0.00371,2.24,42.7,603.77358490566,0.0234192037470726,2.78087410871912
433,0.00477,2.25,42.7,471.698113207547,0.0234192037470726,2.67366413907125
434,0.00265,2.23,42.6,841.509433962264,0.0234741784037559,2.92505898911135
435,0.00265,2.24,42.6,845.283018867925,0.0234741784037559,2.92700214439736
436,0.00371,2.24,42.6,603.77358490566,0.0234741784037559,2.78087410871912
437,0.00265,2.24,42.6,845.283018867925,0.0234741784037559,2.92700214439736
438,0.00053,2.23,42.6,4207.54716981132,0.0234741784037559,3.62402899344737
439,0.00318,2.24,42.6,704.402515723271,0.0234741784037559,2.84782089834973
440,0.00318,2.24,42.6,704.402515723271,0.0234741784037559,2.84782089834973
441,0.00318,2.24,42.6,704.402515723271,0.0234741784037559,2.84782089834973
442,0.00424,2.24,42.5,528.301886792453,0.0235294117647059,2.72288216174143
443,0.00265,2.24,42.5,845.283018867925,0.0235294117647059,2.92700214439736
444,0.00265,2.24,42.5,845.283018867925,0.0235294117647059,2.92700214439736
445,0.00318,2.24,42.5,704.402515723271,0.0235294117647059,2.84782089834973
446,0.00318,2.24,42.5,704.402515723271,0.0235294117647059,2.84782089834973
447,0.00318,2.24,42.5,704.402515723271,0.0235294117647059,2.84782089834973
448,0.00371,2.24,42.5,603.77358490566,0.0235294117647059,2.78087410871912
449,0.00318,2.24,42.5,704.402515723271,0.0235294117647059,2.84782089834973
450,0.00265,2.24,42.5,845.283018867925,0.0235294117647059,2.92700214439736
451,0.00318,2.24,42.5,704.402515723271,0.0235294117647059,2.84782089834973
452,0.00265,2.23,42.4,841.509433962264,0.0235849056603774,2.92505898911135
453,0.00318,2.23,42.4,701.25786163522,0.0235849056603774,2.84587774306373
454,0.00318,2.23,42.4,701.25786163522,0.0235849056603774,2.84587774306373
455,0.00318,2.24,42.4,704.402515723271,0.0235849056603774,2.84782089834973
456,0.00265,2.24,42.4,845.283018867925,0.0235849056603774,2.92700214439736
457,0.00265,2.24,42.4,845.283018867925,0.0235849056603774,2.92700214439736
458,0.00318,2.24,42.4,704.402515723271,0.0235849056603774,2.84782089834973
459,0.00318,2.24,42.3,704.402515723271,0.0236406619385343,2.84782089834973
460,0.00424,2.24,42.3,528.301886792453,0.0236406619385343,2.72288216174143
461,0.00424,2.24,42.3,528.301886792453,0.0236406619385343,2.72288216174143
462,0.00371,2.24,42.3,603.77358490566,0.0236406619385343,2.78087410871912
463,0.00477,2.24,42.3,469.601677148847,0.0236406619385343,2.67172963929405
464,0.00477,2.24,42.3,469.601677148847,0.0236406619385343,2.67172963929405
465,0.0053,2.24,42.3,422.641509433962,0.0236406619385343,2.62597214873337
466,0.0053,2.24,42.3,422.641509433962,0.0236406619385343,2.62597214873337
467,0.00636,2.24,42.3,352.201257861635,0.0236406619385343,2.54679090268575
468,0.0053,2.24,42.3,422.641509433962,0.0236406619385343,2.62597214873337
469,0.00477,2.24,42.3,469.601677148847,0.0236406619385343,2.67172963929405
470,0.00371,2.24,42.2,603.77358490566,0.023696682464455,2.78087410871912
471,0.00424,2.24,42.2,528.301886792453,0.023696682464455,2.72288216174143
472,0.00318,2.24,42.2,704.402515723271,0.023696682464455,2.84782089834973
473,0.00318,2.24,42.2,704.402515723271,0.023696682464455,2.84782089834973
474,0.00265,2.25,42.2,849.056603773585,0.023696682464455,2.92893664417456
475,0.00265,2.24,42.2,845.283018867925,0.023696682464455,2.92700214439736
476,0.00212,2.23,42.2,1051.88679245283,0.023696682464455,3.02196900211941
477,0.00212,2.23,42.1,1051.88679245283,0.0237529691211401,3.02196900211941
478,0.00212,2.23,42.1,1051.88679245283,0.0237529691211401,3.02196900211941
479,0.00159,2.23,42.1,1402.51572327044,0.0237529691211401,3.14690773872771
480,0.00212,2.23,42.1,1051.88679245283,0.0237529691211401,3.02196900211941
481,0.00159,2.24,42.1,1408.80503144654,0.0237529691211401,3.14885089401371
482,0.00159,2.23,42.1,1402.51572327044,0.0237529691211401,3.14690773872771
483,0.00212,2.24,42.1,1056.60377358491,0.0237529691211401,3.02391215740541
484,0.00159,2.23,42.1,1402.51572327044,0.0237529691211401,3.14690773872771
485,0.00159,2.23,42.1,1402.51572327044,0.0237529691211401,3.14690773872771
486,0.00159,2.23,42,1402.51572327044,0.0238095238095238,3.14690773872771
487,0.00212,2.23,42,1051.88679245283,0.0238095238095238,3.02196900211941
488,0.00265,2.24,42,845.283018867925,0.0238095238095238,2.92700214439736
489,0.00371,2.24,42,603.77358490566,0.0238095238095238,2.78087410871912
490,0.00424,2.24,42,528.301886792453,0.0238095238095238,2.72288216174143
491,0.00371,2.24,42,603.77358490566,0.0238095238095238,2.78087410871912
492,0.00371,2.24,42,603.77358490566,0.0238095238095238,2.78087410871912
493,0.00318,2.24,42,704.402515723271,0.0238095238095238,2.84782089834973
494,0.00265,2.24,42,845.283018867925,0.0238095238095238,2.92700214439736
495,0.00265,2.24,42,845.283018867925,0.0238095238095238,2.92700214439736
496,0.00265,2.24,41.9,845.283018867925,0.0238663484486874,2.92700214439736
497,0.00265,2.24,41.9,845.283018867925,0.0238663484486874,2.92700214439736
498,0.00371,2.23,41.9,601.078167115903,0.0238663484486874,2.77893095343311
499,0.00318,2.24,41.9,704.402515723271,0.0238663484486874,2.84782089834973
500,0.00371,2.24,41.9,603.77358490566,0.0238663484486874,2.78087410871912
501,0.00371,2.24,41.9,603.77358490566,0.0238663484486874,2.78087410871912
502,0.00371,2.24,41.9,603.77358490566,0.0238663484486874,2.78087410871912
503,0.00159,2.23,41.9,1402.51572327044,0.0238663484486874,3.14690773872771
504,0.00212,2.24,41.8,1056.60377358491,0.0239234449760766,3.02391215740541
505,0.00477,2.24,41.8,469.601677148847,0.0239234449760766,2.67172963929405
506,0.0053,2.24,41.8,422.641509433962,0.0239234449760766,2.62597214873337
507,0.00265,2.24,41.8,845.283018867925,0.0239234449760766,2.92700214439736
508,0.00265,2.24,41.8,845.283018867925,0.0239234449760766,2.92700214439736
509,0.00265,2.24,41.8,845.283018867925,0.0239234449760766,2.92700214439736
510,0.00371,2.24,41.8,603.77358490566,0.0239234449760766,2.78087410871912
511,0.00265,2.24,41.8,845.283018867925,0.0239234449760766,2.92700214439736
512,0.00265,2.24,41.8,845.283018867925,0.0239234449760766,2.92700214439736
513,0.00318,2.23,41.8,701.25786163522,0.0239234449760766,2.84587774306373
514,0.00265,2.23,41.8,841.509433962264,0.0239234449760766,2.92505898911135
515,0.00371,2.24,41.8,603.77358490566,0.0239234449760766,2.78087410871912
516,0.00371,2.23,41.7,601.078167115903,0.0239808153477218,2.77893095343311
517,0.00212,2.23,41.7,1051.88679245283,0.0239808153477218,3.02196900211941
518,0.00265,2.24,41.7,845.283018867925,0.0239808153477218,2.92700214439736
519,0.00424,2.24,41.7,528.301886792453,0.0239808153477218,2.72288216174143
520,0.00265,2.24,41.7,845.283018867925,0.0239808153477218,2.92700214439736
521,0.00265,2.24,41.7,845.283018867925,0.0239808153477218,2.92700214439736
522,0.00265,2.24,41.7,845.283018867925,0.0239808153477218,2.92700214439736
523,0.00318,2.24,41.7,704.402515723271,0.0239808153477218,2.84782089834973
524,0.00318,2.24,41.7,704.402515723271,0.0239808153477218,2.84782089834973
525,0.00212,2.24,41.7,1056.60377358491,0.0239808153477218,3.02391215740541
526,0.00318,2.24,41.7,704.402515723271,0.0239808153477218,2.84782089834973
527,0.00212,2.24,41.6,1056.60377358491,0.0240384615384615,3.02391215740541
528,0.00265,2.23,41.6,841.509433962264,0.0240384615384615,2.92505898911135
529,0.00159,2.24,41.6,1408.80503144654,0.0240384615384615,3.14885089401371
530,0.00106,2.23,41.6,2103.77358490566,0.0240384615384615,3.32299899778339
531,0.00371,2.24,41.6,603.77358490566,0.0240384615384615,2.78087410871912
532,0.00159,2.24,41.6,1408.80503144654,0.0240384615384615,3.14885089401371
533,0.00424,2.24,41.6,528.301886792453,0.0240384615384615,2.72288216174143
534,0.00371,2.24,41.6,603.77358490566,0.0240384615384615,2.78087410871912
535,0.00318,2.24,41.6,704.402515723271,0.0240384615384615,2.84782089834973
536,0.00265,2.24,41.6,845.283018867925,0.0240384615384615,2.92700214439736
537,0.00318,2.24,41.5,704.402515723271,0.0240963855421687,2.84782089834973
538,0.00318,2.24,41.5,704.402515723271,0.0240963855421687,2.84782089834973
539,0.00424,2.24,41.5,528.301886792453,0.0240963855421687,2.72288216174143
540,0.00318,2.24,41.5,704.402515723271,0.0240963855421687,2.84782089834973
541,0.00265,2.24,41.5,845.283018867925,0.0240963855421687,2.92700214439736
542,0.00318,2.24,41.5,704.402515723271,0.0240963855421687,2.84782089834973
543,0.00371,2.24,41.5,603.77358490566,0.0240963855421687,2.78087410871912
544,0.00265,2.24,41.5,845.283018867925,0.0240963855421687,2.92700214439736
545,0.00318,2.24,41.5,704.402515723271,0.0240963855421687,2.84782089834973
546,0.00265,2.24,41.5,845.283018867925,0.0240963855421687,2.92700214439736
547,0.00265,2.24,41.5,845.283018867925,0.0240963855421687,2.92700214439736
548,0.00265,2.24,41.4,845.283018867925,0.0241545893719807,2.92700214439736
549,0.00212,2.24,41.4,1056.60377358491,0.0241545893719807,3.02391215740541
550,0.00371,2.24,41.4,603.77358490566,0.0241545893719807,2.78087410871912
551,0.00318,2.24,41.4,704.402515723271,0.0241545893719807,2.84782089834973
552,0.00265,2.24,41.4,845.283018867925,0.0241545893719807,2.92700214439736
553,0.00265,2.23,41.4,841.509433962264,0.0241545893719807,2.92505898911135
554,0.00371,2.24,41.4,603.77358490566,0.0241545893719807,2.78087410871912
555,0.00212,2.24,41.4,1056.60377358491,0.0241545893719807,3.02391215740541
556,0.00265,2.24,41.4,845.283018867925,0.0241545893719807,2.92700214439736
557,0.00212,2.23,41.4,1051.88679245283,0.0241545893719807,3.02196900211941
558,0.00318,2.24,41.3,704.402515723271,0.0242130750605327,2.84782089834973
559,0.00159,2.24,41.3,1408.80503144654,0.0242130750605327,3.14885089401371
560,0.00212,2.24,41.3,1056.60377358491,0.0242130750605327,3.02391215740541
561,0.00477,2.24,41.3,469.601677148847,0.0242130750605327,2.67172963929405
562,0.00265,2.24,41.3,845.283018867925,0.0242130750605327,2.92700214439736
563,0.00265,2.23,41.3,841.509433962264,0.0242130750605327,2.92505898911135
564,0.00265,2.24,41.3,845.283018867925,0.0242130750605327,2.92700214439736
565,0.00265,2.24,41.3,845.283018867925,0.0242130750605327,2.92700214439736
566,0.00318,2.24,41.3,704.402515723271,0.0242130750605327,2.84782089834973
567,0.00318,2.24,41.3,704.402515723271,0.0242130750605327,2.84782089834973
568,0.00318,2.24,41.3,704.402515723271,0.0242130750605327,2.84782089834973
569,0.00106,2.24,41.3,2113.20754716981,0.0242130750605327,3.32494215306939
570,0.00265,2.24,41.2,845.283018867925,0.0242718446601942,2.92700214439736
571,0.00424,2.24,41.2,528.301886792453,0.0242718446601942,2.72288216174143
572,0.00265,2.24,41.2,845.283018867925,0.0242718446601942,2.92700214439736
573,0.00265,2.24,41.2,845.283018867925,0.0242718446601942,2.92700214439736
574,0.00477,2.24,41.2,469.601677148847,0.0242718446601942,2.67172963929405
575,0.00265,2.24,41.2,845.283018867925,0.0242718446601942,2.92700214439736
576,0.00212,2.24,41.2,1056.60377358491,0.0242718446601942,3.02391215740541
577,0.00318,2.24,41.2,704.402515723271,0.0242718446601942,2.84782089834973
578,0.00318,2.24,41.2,704.402515723271,0.0242718446601942,2.84782089834973
579,0.00053,2.23,41.2,4207.54716981132,0.0242718446601942,3.62402899344737
580,0.00318,2.24,41.2,704.402515723271,0.0242718446601942,2.84782089834973
581,0.00212,2.24,41.2,1056.60377358491,0.0242718446601942,3.02391215740541
582,0.00477,2.24,41.2,469.601677148847,0.0242718446601942,2.67172963929405
583,0.00265,2.24,41.1,845.283018867925,0.024330900243309,2.92700214439736
584,0.00265,2.24,41.1,845.283018867925,0.024330900243309,2.92700214439736
585,0.00265,2.24,41.1,845.283018867925,0.024330900243309,2.92700214439736
586,0.00265,2.24,41.1,845.283018867925,0.024330900243309,2.92700214439736
587,0.00318,2.24,41.1,704.402515723271,0.024330900243309,2.84782089834973
588,0.00265,2.24,41.1,845.283018867925,0.024330900243309,2.92700214439736
589,0.00318,2.24,41.1,704.402515723271,0.024330900243309,2.84782089834973
590,0.00265,2.24,41.1,845.283018867925,0.024330900243309,2.92700214439736
591,0.00265,2.24,41.1,845.283018867925,0.024330900243309,2.92700214439736
592,0.00265,2.24,41.1,845.283018867925,0.024330900243309,2.92700214439736
593,0.00212,2.24,41,1056.60377358491,0.024390243902439,3.02391215740541
594,0.00424,2.24,41,528.301886792453,0.024390243902439,2.72288216174143
595,0.00371,2.24,41,603.77358490566,0.024390243902439,2.78087410871912
596,0.00265,2.23,41,841.509433962264,0.024390243902439,2.92505898911135
597,0.00212,2.25,41,1061.32075471698,0.024390243902439,3.02584665718261
598,0.00265,2.24,41,845.283018867925,0.024390243902439,2.92700214439736
599,0.00159,2.24,41,1408.80503144654,0.024390243902439,3.14885089401371
600,0.00318,2.24,41,704.402515723271,0.024390243902439,2.84782089834973
601,0.00265,2.24,41,845.283018867925,0.024390243902439,2.92700214439736
602,0.00265,2.24,41,845.283018867925,0.024390243902439,2.92700214439736
603,0.00265,2.24,41,845.283018867925,0.024390243902439,2.92700214439736
604,0.00212,2.23,41,1051.88679245283,0.024390243902439,3.02196900211941
605,0.00212,2.24,41,1056.60377358491,0.024390243902439,3.02391215740541
606,0.00265,2.24,41,845.283018867925,0.024390243902439,2.92700214439736
607,0.00265,2.24,40.9,845.283018867925,0.0244498777506113,2.92700214439736
608,0.00318,2.24,40.9,704.402515723271,0.0244498777506113,2.84782089834973
609,0.00318,2.24,40.9,704.402515723271,0.0244498777506113,2.84782089834973
610,0.00212,2.24,40.9,1056.60377358491,0.0244498777506113,3.02391215740541
611,0.00265,2.24,40.9,845.283018867925,0.0244498777506113,2.92700214439736
612,0.00318,2.24,40.9,704.402515723271,0.0244498777506113,2.84782089834973
613,0.00265,2.24,40.9,845.283018867925,0.0244498777506113,2.92700214439736
614,0.00265,2.24,40.9,845.283018867925,0.0244498777506113,2.92700214439736
615,0.00265,2.24,40.9,845.283018867925,0.0244498777506113,2.92700214439736
616,0.00212,2.24,40.9,1056.60377358491,0.0244498777506113,3.02391215740541
617,0.00265,2.24,40.9,845.283018867925,0.0244498777506113,2.92700214439736
618,0.00318,2.24,40.9,704.402515723271,0.0244498777506113,2.84782089834973
619,0.00265,2.24,40.8,845.283018867925,0.0245098039215686,2.92700214439736
620,0.00212,2.24,40.8,1056.60377358491,0.0245098039215686,3.02391215740541
621,0.00053,2.23,40.8,4207.54716981132,0.0245098039215686,3.62402899344737
622,0.00318,2.24,40.8,704.402515723271,0.0245098039215686,2.84782089834973
623,0.00477,2.24,40.8,469.601677148847,0.0245098039215686,2.67172963929405
624,0.00265,2.24,40.8,845.283018867925,0.0245098039215686,2.92700214439736
625,0.00265,2.24,40.8,845.283018867925,0.0245098039215686,2.92700214439736
626,0.00318,2.24,40.8,704.402515723271,0.0245098039215686,2.84782089834973
627,0.00265,2.24,40.8,845.283018867925,0.0245098039215686,2.92700214439736
628,0.00318,2.24,40.8,704.402515723271,0.0245098039215686,2.84782089834973
629,0.00212,2.24,40.8,1056.60377358491,0.0245098039215686,3.02391215740541
630,0.00265,2.23,40.7,841.509433962264,0.0245700245700246,2.92505898911135
631,0.00159,2.23,40.7,1402.51572327044,0.0245700245700246,3.14690773872771
632,0.00371,2.24,40.7,603.77358490566,0.0245700245700246,2.78087410871912
633,0.00265,2.24,40.7,845.283018867925,0.0245700245700246,2.92700214439736
634,0.00212,2.24,40.7,1056.60377358491,0.0245700245700246,3.02391215740541
635,0.00212,2.24,40.7,1056.60377358491,0.0245700245700246,3.02391215740541
636,0.00318,2.24,40.7,704.402515723271,0.0245700245700246,2.84782089834973
637,0.00212,2.24,40.7,1056.60377358491,0.0245700245700246,3.02391215740541
638,0.00318,2.24,40.7,704.402515723271,0.0245700245700246,2.84782089834973
639,0.00212,2.24,40.7,1056.60377358491,0.0245700245700246,3.02391215740541
640,0.00265,2.24,40.7,845.283018867925,0.0245700245700246,2.92700214439736
641,0.00265,2.24,40.7,845.283018867925,0.0245700245700246,2.92700214439736
642,0.00265,2.24,40.7,845.283018867925,0.0245700245700246,2.92700214439736
643,0.00265,2.24,40.7,845.283018867925,0.0245700245700246,2.92700214439736
644,0.00265,2.23,40.6,841.509433962264,0.0246305418719212,2.92505898911135
645,0.00212,2.24,40.6,1056.60377358491,0.0246305418719212,3.02391215740541
646,0.00265,2.24,40.6,845.283018867925,0.0246305418719212,2.92700214439736
647,0.00212,2.23,40.6,1051.88679245283,0.0246305418719212,3.02196900211941
648,0.00265,2.24,40.6,845.283018867925,0.0246305418719212,2.92700214439736
649,0.00371,2.24,40.6,603.77358490566,0.0246305418719212,2.78087410871912
650,0.00265,2.24,40.6,845.283018867925,0.0246305418719212,2.92700214439736
651,0.00212,2.24,40.6,1056.60377358491,0.0246305418719212,3.02391215740541
652,0.00265,2.24,40.6,845.283018867925,0.0246305418719212,2.92700214439736
653,0.00371,2.24,40.6,603.77358490566,0.0246305418719212,2.78087410871912
654,0.00318,2.23,40.6,701.25786163522,0.0246305418719212,2.84587774306373
655,0.00265,2.24,40.6,845.283018867925,0.0246305418719212,2.92700214439736
656,0.00265,2.24,40.6,845.283018867925,0.0246305418719212,2.92700214439736
657,0.00265,2.24,40.5,845.283018867925,0.0246913580246914,2.92700214439736
658,0.00212,2.24,40.5,1056.60377358491,0.0246913580246914,3.02391215740541
659,0.00265,2.23,40.5,841.509433962264,0.0246913580246914,2.92505898911135
660,0.00265,2.24,40.5,845.283018867925,0.0246913580246914,2.92700214439736
661,0.00265,2.24,40.5,845.283018867925,0.0246913580246914,2.92700214439736
662,0.00265,2.23,40.5,841.509433962264,0.0246913580246914,2.92505898911135
663,0.00265,2.24,40.5,845.283018867925,0.0246913580246914,2.92700214439736
664,0.00265,2.24,40.5,845.283018867925,0.0246913580246914,2.92700214439736
665,0.00371,2.24,40.5,603.77358490566,0.0246913580246914,2.78087410871912
666,0.00318,2.23,40.5,701.25786163522,0.0246913580246914,2.84587774306373
667,0.00318,2.24,40.5,704.402515723271,0.0246913580246914,2.84782089834973
668,0.00265,2.24,40.4,845.283018867925,0.0247524752475248,2.92700214439736
669,0.00265,2.24,40.4,845.283018867925,0.0247524752475248,2.92700214439736
670,0.00424,2.24,40.4,528.301886792453,0.0247524752475248,2.72288216174143
671,0.00159,2.23,40.4,1402.51572327044,0.0247524752475248,3.14690773872771
672,0.00212,2.24,40.4,1056.60377358491,0.0247524752475248,3.02391215740541
673,0.00053,2.23,40.4,4207.54716981132,0.0247524752475248,3.62402899344737
674,0.00212,2.24,40.4,1056.60377358491,0.0247524752475248,3.02391215740541
675,0.00212,2.24,40.4,1056.60377358491,0.0247524752475248,3.02391215740541
676,0.00212,2.24,40.4,1056.60377358491,0.0247524752475248,3.02391215740541
677,0.00265,2.24,40.4,845.283018867925,0.0247524752475248,2.92700214439736
678,0.00265,2.23,40.4,841.509433962264,0.0247524752475248,2.92505898911135
679,0.00212,2.24,40.3,1056.60377358491,0.0248138957816377,3.02391215740541
680,0.00212,2.24,40.3,1056.60377358491,0.0248138957816377,3.02391215740541
681,0.00265,2.24,40.3,845.283018867925,0.0248138957816377,2.92700214439736
682,0.00318,2.25,40.3,707.547169811321,0.0248138957816377,2.84975539812693
683,0.00212,2.24,40.3,1056.60377358491,0.0248138957816377,3.02391215740541
684,0.00159,2.24,40.3,1408.80503144654,0.0248138957816377,3.14885089401371
685,0.00212,2.24,40.3,1056.60377358491,0.0248138957816377,3.02391215740541
686,0.00265,2.24,40.3,845.283018867925,0.0248138957816377,2.92700214439736
687,0.00318,2.24,40.3,704.402515723271,0.0248138957816377,2.84782089834973
688,0.00212,2.24,40.3,1056.60377358491,0.0248138957816377,3.02391215740541
689,0.00265,2.23,40.3,841.509433962264,0.0248138957816377,2.92505898911135
690,0.00265,2.24,40.3,845.283018867925,0.0248138957816377,2.92700214439736
691,0.00265,2.24,40.3,845.283018867925,0.0248138957816377,2.92700214439736
692,0.00371,2.24,40.3,603.77358490566,0.0248138957816377,2.78087410871912
693,0.00318,2.23,40.3,701.25786163522,0.0248138957816377,2.84587774306373
694,0.00318,2.24,40.2,704.402515723271,0.0248756218905473,2.84782089834973
695,0.00053,2.24,40.2,4226.41509433962,0.0248756218905473,3.62597214873337
696,0.00265,2.23,40.2,841.509433962264,0.0248756218905473,2.92505898911135
697,0.00212,2.23,40.2,1051.88679245283,0.0248756218905473,3.02196900211941
698,0.00265,2.24,40.2,845.283018867925,0.0248756218905473,2.92700214439736
699,0.00212,2.24,40.2,1056.60377358491,0.0248756218905473,3.02391215740541
700,0.00265,2.24,40.2,845.283018867925,0.0248756218905473,2.92700214439736
701,0.00212,2.24,40.2,1056.60377358491,0.0248756218905473,3.02391215740541
702,0.00265,2.24,40.2,845.283018867925,0.0248756218905473,2.92700214439736
703,0.00212,2.24,40.2,1056.60377358491,0.0248756218905473,3.02391215740541
704,0.00424,2.24,40.2,528.301886792453,0.0248756218905473,2.72288216174143
705,0.00212,2.24,40.2,1056.60377358491,0.0248756218905473,3.02391215740541
706,0.00159,2.24,40.2,1408.80503144654,0.0248756218905473,3.14885089401371
707,0.00318,2.24,40.1,704.402515723271,0.0249376558603491,2.84782089834973
708,0.00265,2.24,40.1,845.283018867925,0.0249376558603491,2.92700214439736
709,0.00265,2.24,40.1,845.283018867925,0.0249376558603491,2.92700214439736
710,0.00265,2.24,40.1,845.283018867925,0.0249376558603491,2.92700214439736
711,0.00265,2.24,40.1,845.283018867925,0.0249376558603491,2.92700214439736
712,0.00159,2.24,40.1,1408.80503144654,0.0249376558603491,3.14885089401371
713,0.00159,2.23,40.1,1402.51572327044,0.0249376558603491,3.14690773872771
714,0.00265,2.24,40.1,845.283018867925,0.0249376558603491,2.92700214439736
715,0.00371,2.24,40.1,603.77358490566,0.0249376558603491,2.78087410871912
716,0.00265,2.24,40.1,845.283018867925,0.0249376558603491,2.92700214439736
717,0.00265,2.24,40.1,845.283018867925,0.0249376558603491,2.92700214439736
718,0.00265,2.24,40.1,845.283018867925,0.0249376558603491,2.92700214439736
719,0.00265,2.24,40.1,845.283018867925,0.0249376558603491,2.92700214439736
720,0.00318,2.24,40,704.402515723271,0.025,2.84782089834973
721,0.00371,2.24,40,603.77358490566,0.025,2.78087410871912
722,0.00477,2.24,40,469.601677148847,0.025,2.67172963929405
723,0.00212,2.24,40,1056.60377358491,0.025,3.02391215740541
724,0.00265,2.23,40,841.509433962264,0.025,2.92505898911135
725,0.00265,2.24,40,845.283018867925,0.025,2.92700214439736
726,0.00265,2.24,40,845.283018867925,0.025,2.92700214439736
727,0.00053,2.24,40,4226.41509433962,0.025,3.62597214873337
728,0.00212,2.24,40,1056.60377358491,0.025,3.02391215740541
729,0.00265,2.24,40,845.283018867925,0.025,2.92700214439736
730,0.00212,2.24,40,1056.60377358491,0.025,3.02391215740541
731,0.00265,2.24,40,845.283018867925,0.025,2.92700214439736
732,0.00212,2.24,40,1056.60377358491,0.025,3.02391215740541
733,0.00212,2.23,40,1051.88679245283,0.025,3.02196900211941
734,0.00212,2.24,39.9,1056.60377358491,0.025062656641604,3.02391215740541
735,0.00212,2.24,39.9,1056.60377358491,0.025062656641604,3.02391215740541
736,0.00265,2.24,39.9,845.283018867925,0.025062656641604,2.92700214439736
737,0.00318,2.24,39.9,704.402515723271,0.025062656641604,2.84782089834973
738,0.00318,2.24,39.9,704.402515723271,0.025062656641604,2.84782089834973
739,0.00318,2.24,39.9,704.402515723271,0.025062656641604,2.84782089834973
740,0.00212,2.23,39.9,1051.88679245283,0.025062656641604,3.02196900211941
741,0.00265,2.24,39.9,845.283018867925,0.025062656641604,2.92700214439736
742,0.00212,2.24,39.9,1056.60377358491,0.025062656641604,3.02391215740541
743,0.00212,2.24,39.9,1056.60377358491,0.025062656641604,3.02391215740541
744,0.00212,2.24,39.9,1056.60377358491,0.025062656641604,3.02391215740541
745,0.00265,2.24,39.9,845.283018867925,0.025062656641604,2.92700214439736
746,0.00212,2.24,39.9,1056.60377358491,0.025062656641604,3.02391215740541
747,0.00318,2.24,39.9,704.402515723271,0.025062656641604,2.84782089834973
748,0.00371,2.24,39.9,603.77358490566,0.025062656641604,2.78087410871912
749,0.00371,2.24,39.9,603.77358490566,0.025062656641604,2.78087410871912
750,0.00424,2.24,39.8,528.301886792453,0.0251256281407035,2.72288216174143
751,0.00371,2.24,39.8,603.77358490566,0.0251256281407035,2.78087410871912
752,0.00371,2.24,39.8,603.77358490566,0.0251256281407035,2.78087410871912
753,0.00265,2.24,39.8,845.283018867925,0.0251256281407035,2.92700214439736
754,0.00212,2.23,39.8,1051.88679245283,0.0251256281407035,3.02196900211941
755,0.00212,2.23,39.8,1051.88679245283,0.0251256281407035,3.02196900211941
756,0.00212,2.24,39.8,1056.60377358491,0.0251256281407035,3.02391215740541
757,0.00159,2.24,39.8,1408.80503144654,0.0251256281407035,3.14885089401371
758,0.00159,2.24,39.8,1408.80503144654,0.0251256281407035,3.14885089401371
759,0.00212,2.24,39.8,1056.60377358491,0.0251256281407035,3.02391215740541
760,0.00159,2.24,39.8,1408.80503144654,0.0251256281407035,3.14885089401371
761,0.00212,2.24,39.8,1056.60377358491,0.0251256281407035,3.02391215740541
762,0.00318,2.24,39.8,704.402515723271,0.0251256281407035,2.84782089834973
763,0.00159,2.24,39.8,1408.80503144654,0.0251256281407035,3.14885089401371
764,0.00265,2.24,39.8,845.283018867925,0.0251256281407035,2.92700214439736
765,0.00265,2.24,39.8,845.283018867925,0.0251256281407035,2.92700214439736
766,0.00265,2.23,39.7,841.509433962264,0.0251889168765743,2.92505898911135
767,0.00212,2.24,39.7,1056.60377358491,0.0251889168765743,3.02391215740541
768,0.00159,2.24,39.7,1408.80503144654,0.0251889168765743,3.14885089401371
769,0.00159,2.24,39.7,1408.80503144654,0.0251889168765743,3.14885089401371
770,0.00265,2.24,39.7,845.283018867925,0.0251889168765743,2.92700214439736
771,0.00371,2.24,39.7,603.77358490566,0.0251889168765743,2.78087410871912
772,0.00318,2.24,39.7,704.402515723271,0.0251889168765743,2.84782089834973
773,0.00265,2.24,39.7,845.283018867925,0.0251889168765743,2.92700214439736
774,0.00212,2.24,39.7,1056.60377358491,0.0251889168765743,3.02391215740541
775,0.00371,2.24,39.7,603.77358490566,0.0251889168765743,2.78087410871912
776,0.00212,2.24,39.7,1056.60377358491,0.0251889168765743,3.02391215740541
777,0.00265,2.24,39.7,845.283018867925,0.0251889168765743,2.92700214439736
778,0.00265,2.24,39.7,845.283018867925,0.0251889168765743,2.92700214439736
779,0.00265,2.24,39.6,845.283018867925,0.0252525252525253,2.92700214439736
780,0.00318,2.24,39.6,704.402515723271,0.0252525252525253,2.84782089834973
781,0.00212,2.24,39.6,1056.60377358491,0.0252525252525253,3.02391215740541
782,0.00212,2.24,39.6,1056.60377358491,0.0252525252525253,3.02391215740541
783,0.00318,2.24,39.6,704.402515723271,0.0252525252525253,2.84782089834973
784,0.00106,2.24,39.6,2113.20754716981,0.0252525252525253,3.32494215306939
785,0.00159,2.24,39.6,1408.80503144654,0.0252525252525253,3.14885089401371
786,0.00318,2.24,39.6,704.402515723271,0.0252525252525253,2.84782089834973
787,0.00424,2.24,39.6,528.301886792453,0.0252525252525253,2.72288216174143
788,0.00265,2.23,39.6,841.509433962264,0.0252525252525253,2.92505898911135
789,0.00212,2.24,39.6,1056.60377358491,0.0252525252525253,3.02391215740541
790,0.00212,2.24,39.6,1056.60377358491,0.0252525252525253,3.02391215740541
791,0.00212,2.24,39.6,1056.60377358491,0.0252525252525253,3.02391215740541
792,0.00212,2.24,39.6,1056.60377358491,0.0252525252525253,3.02391215740541
793,0.00265,2.24,39.6,845.283018867925,0.0252525252525253,2.92700214439736
794,0.00371,2.24,39.6,603.77358490566,0.0252525252525253,2.78087410871912
795,0.00318,2.24,39.5,704.402515723271,0.0253164556962025,2.84782089834973
796,0.00318,2.24,39.5,704.402515723271,0.0253164556962025,2.84782089834973
797,0.00318,2.24,39.5,704.402515723271,0.0253164556962025,2.84782089834973
798,0.00265,2.24,39.5,845.283018867925,0.0253164556962025,2.92700214439736
799,0.00265,2.24,39.5,845.283018867925,0.0253164556962025,2.92700214439736
800,0.00318,2.24,39.5,704.402515723271,0.0253164556962025,2.84782089834973
801,0.00318,2.24,39.5,704.402515723271,0.0253164556962025,2.84782089834973
802,0.00318,2.24,39.5,704.402515723271,0.0253164556962025,2.84782089834973
803,0.00318,2.24,39.5,704.402515723271,0.0253164556962025,2.84782089834973
804,0.00212,2.24,39.5,1056.60377358491,0.0253164556962025,3.02391215740541
805,0.00212,2.24,39.5,1056.60377358491,0.0253164556962025,3.02391215740541
806,0.00265,2.24,39.5,845.283018867925,0.0253164556962025,2.92700214439736
807,0.00212,2.24,39.5,1056.60377358491,0.0253164556962025,3.02391215740541
808,0.00265,2.24,39.5,845.283018867925,0.0253164556962025,2.92700214439736
809,0.00212,2.24,39.5,1056.60377358491,0.0253164556962025,3.02391215740541
810,0.00159,2.24,39.5,1408.80503144654,0.0253164556962025,3.14885089401371
811,0.00265,2.24,39.5,845.283018867925,0.0253164556962025,2.92700214439736
812,0.00106,2.24,39.4,2113.20754716981,0.0253807106598985,3.32494215306939
813,0.00053,2.23,39.5,4207.54716981132,0.0253164556962025,3.62402899344737
814,0.00106,2.24,39.5,2113.20754716981,0.0253164556962025,3.32494215306939
815,0.00159,2.24,39.4,1408.80503144654,0.0253807106598985,3.14885089401371
816,0.00212,2.24,39.4,1056.60377358491,0.0253807106598985,3.02391215740541
817,0.00265,2.24,39.4,845.283018867925,0.0253807106598985,2.92700214439736
818,0.00371,2.24,39.4,603.77358490566,0.0253807106598985,2.78087410871912
819,0.00159,2.24,39.4,1408.80503144654,0.0253807106598985,3.14885089401371
820,0.00106,2.23,39.4,2103.77358490566,0.0253807106598985,3.32299899778339
821,0.00424,2.24,39.4,528.301886792453,0.0253807106598985,2.72288216174143
822,0.00424,2.24,39.4,528.301886792453,0.0253807106598985,2.72288216174143
823,0.00424,2.24,39.4,528.301886792453,0.0253807106598985,2.72288216174143
824,0.00424,2.24,39.4,528.301886792453,0.0253807106598985,2.72288216174143
825,0.00424,2.24,39.4,528.301886792453,0.0253807106598985,2.72288216174143
826,0.00424,2.24,39.4,528.301886792453,0.0253807106598985,2.72288216174143
827,0.00318,2.24,39.4,704.402515723271,0.0253807106598985,2.84782089834973
828,0.00424,2.24,39.4,528.301886792453,0.0253807106598985,2.72288216174143
829,0.00371,2.24,39.4,603.77358490566,0.0253807106598985,2.78087410871912
830,0.00424,2.24,39.3,528.301886792453,0.0254452926208651,2.72288216174143
831,0.00424,2.24,39.3,528.301886792453,0.0254452926208651,2.72288216174143
832,0.00371,2.24,39.3,603.77358490566,0.0254452926208651,2.78087410871912
833,0.00424,2.24,39.3,528.301886792453,0.0254452926208651,2.72288216174143
834,0.00371,2.24,39.3,603.77358490566,0.0254452926208651,2.78087410871912
835,0.00477,2.24,39.3,469.601677148847,0.0254452926208651,2.67172963929405
836,0.00477,2.24,39.3,469.601677148847,0.0254452926208651,2.67172963929405
837,0.00477,2.24,39.3,469.601677148847,0.0254452926208651,2.67172963929405
838,0.00371,2.24,39.3,603.77358490566,0.0254452926208651,2.78087410871912
839,0.00159,2.24,39.3,1408.80503144654,0.0254452926208651,3.14885089401371
840,0.00212,2.24,39.3,1056.60377358491,0.0254452926208651,3.02391215740541
841,0.00318,2.24,39.3,704.402515723271,0.0254452926208651,2.84782089834973
842,0.00159,2.24,39.2,1408.80503144654,0.0255102040816327,3.14885089401371
843,0.00053,2.24,39.2,4226.41509433962,0.0255102040816327,3.62597214873337
844,0.00318,2.24,39.2,704.402515723271,0.0255102040816327,2.84782089834973
845,0.00212,2.24,39.2,1056.60377358491,0.0255102040816327,3.02391215740541
846,0.00212,2.24,39.2,1056.60377358491,0.0255102040816327,3.02391215740541
847,0.00212,2.24,39.2,1056.60377358491,0.0255102040816327,3.02391215740541
848,0.00265,2.24,39.2,845.283018867925,0.0255102040816327,2.92700214439736
849,0.00159,2.24,39.2,1408.80503144654,0.0255102040816327,3.14885089401371
850,0.00212,2.24,39.2,1056.60377358491,0.0255102040816327,3.02391215740541
851,0.00318,2.24,39.2,704.402515723271,0.0255102040816327,2.84782089834973
852,0.00212,2.23,39.2,1051.88679245283,0.0255102040816327,3.02196900211941
853,0.00265,2.24,39.2,845.283018867925,0.0255102040816327,2.92700214439736
854,0.00265,2.24,39.2,845.283018867925,0.0255102040816327,2.92700214439736
855,0.00212,2.24,39.2,1056.60377358491,0.0255102040816327,3.02391215740541
856,0.00265,2.24,39.2,845.283018867925,0.0255102040816327,2.92700214439736
857,0.00265,2.24,39.2,845.283018867925,0.0255102040816327,2.92700214439736
858,0.00212,2.24,39.2,1056.60377358491,0.0255102040816327,3.02391215740541
859,0.00318,2.24,39.2,704.402515723271,0.0255102040816327,2.84782089834973
860,0.00265,2.24,39.1,845.283018867925,0.0255754475703325,2.92700214439736
861,0.00159,2.23,39.1,1402.51572327044,0.0255754475703325,3.14690773872771
862,0.00265,2.24,39.1,845.283018867925,0.0255754475703325,2.92700214439736
863,0.00318,2.24,39.1,704.402515723271,0.0255754475703325,2.84782089834973
864,0.00318,2.24,39.1,704.402515723271,0.0255754475703325,2.84782089834973
865,0.00265,2.23,39.1,841.509433962264,0.0255754475703325,2.92505898911135
866,0.00265,2.24,39.1,845.283018867925,0.0255754475703325,2.92700214439736
867,0.00212,2.24,39.1,1056.60377358491,0.0255754475703325,3.02391215740541
868,0.00265,2.23,39.1,841.509433962264,0.0255754475703325,2.92505898911135
869,0.00212,2.24,39.1,1056.60377358491,0.0255754475703325,3.02391215740541
870,0.00159,2.24,39.1,1408.80503144654,0.0255754475703325,3.14885089401371
871,0.00318,2.24,39.1,704.402515723271,0.0255754475703325,2.84782089834973
872,0.00212,2.24,39.1,1056.60377358491,0.0255754475703325,3.02391215740541
873,0.00212,2.24,39.1,1056.60377358491,0.0255754475703325,3.02391215740541
874,0.00212,2.24,39.1,1056.60377358491,0.0255754475703325,3.02391215740541
875,0.00371,2.24,39.1,603.77358490566,0.0255754475703325,2.78087410871912
876,0.00212,2.24,39.1,1056.60377358491,0.0255754475703325,3.02391215740541
877,0.00212,2.24,39.1,1056.60377358491,0.0255754475703325,3.02391215740541
878,0.00053,2.23,39,4207.54716981132,0.0256410256410256,3.62402899344737
879,0.00265,2.24,39,845.283018867925,0.0256410256410256,2.92700214439736
880,0.00265,2.24,39,845.283018867925,0.0256410256410256,2.92700214439736
881,0.00265,2.24,39,845.283018867925,0.0256410256410256,2.92700214439736
882,0.00212,2.24,39,1056.60377358491,0.0256410256410256,3.02391215740541
883,0.00212,2.24,39,1056.60377358491,0.0256410256410256,3.02391215740541
884,0.00159,2.24,39,1408.80503144654,0.0256410256410256,3.14885089401371
885,0.00424,2.24,39,528.301886792453,0.0256410256410256,2.72288216174143
886,0.00159,2.24,39,1408.80503144654,0.0256410256410256,3.14885089401371
887,0.00212,2.24,39,1056.60377358491,0.0256410256410256,3.02391215740541
888,0.00212,2.24,39,1056.60377358491,0.0256410256410256,3.02391215740541
889,0.00265,2.24,39,845.283018867925,0.0256410256410256,2.92700214439736
890,0.00318,2.24,39,704.402515723271,0.0256410256410256,2.84782089834973
891,0.00318,2.24,39,704.402515723271,0.0256410256410256,2.84782089834973
892,0.00159,2.24,39,1408.80503144654,0.0256410256410256,3.14885089401371
893,0.00371,2.24,39,603.77358490566,0.0256410256410256,2.78087410871912
894,0.00159,2.24,39,1408.80503144654,0.0256410256410256,3.14885089401371
895,0.00106,2.23,39,2103.77358490566,0.0256410256410256,3.32299899778339
896,0.00212,2.24,39,1056.60377358491,0.0256410256410256,3.02391215740541
897,0.00265,2.24,38.9,845.283018867925,0.025706940874036,2.92700214439736
898,0.00212,2.24,38.9,1056.60377358491,0.025706940874036,3.02391215740541
899,0.00318,2.24,38.9,704.402515723271,0.025706940874036,2.84782089834973
900,0.00212,2.24,38.9,1056.60377358491,0.025706940874036,3.02391215740541
901,0.00371,2.24,38.9,603.77358490566,0.025706940874036,2.78087410871912
902,0.00212,2.24,38.9,1056.60377358491,0.025706940874036,3.02391215740541
903,0.00265,2.24,38.9,845.283018867925,0.025706940874036,2.92700214439736
904,0.00265,2.24,38.9,845.283018867925,0.025706940874036,2.92700214439736
905,0.00265,2.25,38.9,849.056603773585,0.025706940874036,2.92893664417456
906,0.00265,2.24,38.9,845.283018867925,0.025706940874036,2.92700214439736
907,0.00265,2.24,38.9,845.283018867925,0.025706940874036,2.92700214439736
908,0.00212,2.23,38.9,1051.88679245283,0.025706940874036,3.02196900211941
909,0.00424,2.24,38.9,528.301886792453,0.025706940874036,2.72288216174143
910,0.00159,2.24,38.9,1408.80503144654,0.025706940874036,3.14885089401371
911,0.00106,2.24,38.9,2113.20754716981,0.025706940874036,3.32494215306939
912,0.00265,2.23,38.9,841.509433962264,0.025706940874036,2.92505898911135
913,0.00212,2.24,38.9,1056.60377358491,0.025706940874036,3.02391215740541
914,0.00265,2.24,38.8,845.283018867925,0.0257731958762887,2.92700214439736
915,0.00318,2.24,38.8,704.402515723271,0.0257731958762887,2.84782089834973
916,0.00159,2.24,38.8,1408.80503144654,0.0257731958762887,3.14885089401371
917,0.00371,2.24,38.8,603.77358490566,0.0257731958762887,2.78087410871912
918,0.00212,2.24,38.8,1056.60377358491,0.0257731958762887,3.02391215740541
919,0.00318,2.24,38.8,704.402515723271,0.0257731958762887,2.84782089834973
920,0.00212,2.24,38.8,1056.60377358491,0.0257731958762887,3.02391215740541
921,0.00212,2.24,38.8,1056.60377358491,0.0257731958762887,3.02391215740541
922,0.00212,2.24,38.8,1056.60377358491,0.0257731958762887,3.02391215740541
923,0.00265,2.24,38.8,845.283018867925,0.0257731958762887,2.92700214439736
924,0.00318,2.24,38.8,704.402515723271,0.0257731958762887,2.84782089834973
925,0.00318,2.24,38.8,704.402515723271,0.0257731958762887,2.84782089834973
926,0.00159,2.24,38.8,1408.80503144654,0.0257731958762887,3.14885089401371
927,0.00212,2.24,38.8,1056.60377358491,0.0257731958762887,3.02391215740541
928,0.00265,2.24,38.8,845.283018867925,0.0257731958762887,2.92700214439736
929,0.00159,2.24,38.7,1408.80503144654,0.0258397932816537,3.14885089401371
930,0.00212,2.24,38.7,1056.60377358491,0.0258397932816537,3.02391215740541
931,0.00318,2.24,38.7,704.402515723271,0.0258397932816537,2.84782089834973
932,0.00212,2.24,38.7,1056.60377358491,0.0258397932816537,3.02391215740541
933,0.00265,2.23,38.7,841.509433962264,0.0258397932816537,2.92505898911135
934,0.00159,2.24,38.7,1408.80503144654,0.0258397932816537,3.14885089401371
935,0.00212,2.24,38.7,1056.60377358491,0.0258397932816537,3.02391215740541
936,0.00265,2.24,38.7,845.283018867925,0.0258397932816537,2.92700214439736
937,0.00265,2.24,38.7,845.283018867925,0.0258397932816537,2.92700214439736
938,0.00371,2.24,38.7,603.77358490566,0.0258397932816537,2.78087410871912
939,0.00106,2.24,38.7,2113.20754716981,0.0258397932816537,3.32494215306939
940,0.00265,2.24,38.7,845.283018867925,0.0258397932816537,2.92700214439736
941,0.00212,2.24,38.7,1056.60377358491,0.0258397932816537,3.02391215740541
942,0.00318,2.24,38.6,704.402515723271,0.0259067357512953,2.84782089834973
943,0.00212,2.24,38.6,1056.60377358491,0.0259067357512953,3.02391215740541
944,0.00318,2.24,38.6,704.402515723271,0.0259067357512953,2.84782089834973
945,0.00053,2.24,38.6,4226.41509433962,0.0259067357512953,3.62597214873337
946,0.00212,2.24,38.6,1056.60377358491,0.0259067357512953,3.02391215740541
947,0.00265,2.24,38.6,845.283018867925,0.0259067357512953,2.92700214439736
948,0.00159,2.24,38.6,1408.80503144654,0.0259067357512953,3.14885089401371
949,0.00212,2.24,38.6,1056.60377358491,0.0259067357512953,3.02391215740541
950,0.00477,2.24,38.6,469.601677148847,0.0259067357512953,2.67172963929405
951,0.00159,2.24,38.6,1408.80503144654,0.0259067357512953,3.14885089401371
952,0.00212,2.23,38.6,1051.88679245283,0.0259067357512953,3.02196900211941
953,0.00159,2.24,38.6,1408.80503144654,0.0259067357512953,3.14885089401371
954,0.00265,2.25,38.6,849.056603773585,0.0259067357512953,2.92893664417456
955,0.00159,2.24,38.6,1408.80503144654,0.0259067357512953,3.14885089401371
956,0.00159,2.24,38.6,1408.80503144654,0.0259067357512953,3.14885089401371
957,0.00212,2.24,38.6,1056.60377358491,0.0259067357512953,3.02391215740541
958,0.00265,2.24,38.6,845.283018867925,0.0259067357512953,2.92700214439736
959,0.00318,2.24,38.6,704.402515723271,0.0259067357512953,2.84782089834973
960,0.00212,2.24,38.6,1056.60377358491,0.0259067357512953,3.02391215740541
961,0.00212,2.24,38.6,1056.60377358491,0.0259067357512953,3.02391215740541
962,0.00159,2.24,38.6,1408.80503144654,0.0259067357512953,3.14885089401371
963,0.00212,2.24,38.5,1056.60377358491,0.025974025974026,3.02391215740541
964,0.00212,2.24,38.5,1056.60377358491,0.025974025974026,3.02391215740541
965,0.00424,2.24,38.5,528.301886792453,0.025974025974026,2.72288216174143
966,0.00265,2.24,38.5,845.283018867925,0.025974025974026,2.92700214439736
967,0.00159,2.24,38.5,1408.80503144654,0.025974025974026,3.14885089401371
968,0.00265,2.24,38.5,845.283018867925,0.025974025974026,2.92700214439736
969,0.00318,2.24,38.5,704.402515723271,0.025974025974026,2.84782089834973
970,0.00424,2.24,38.5,528.301886792453,0.025974025974026,2.72288216174143
971,0.00106,2.23,38.5,2103.77358490566,0.025974025974026,3.32299899778339
972,0.00212,2.23,38.5,1051.88679245283,0.025974025974026,3.02196900211941
973,0.00159,2.24,38.5,1408.80503144654,0.025974025974026,3.14885089401371
974,0.00212,2.24,38.5,1056.60377358491,0.025974025974026,3.02391215740541
975,0.00371,2.24,38.5,603.77358490566,0.025974025974026,2.78087410871912
976,0.00053,2.24,38.5,4226.41509433962,0.025974025974026,3.62597214873337
977,0.00212,2.24,38.5,1056.60377358491,0.025974025974026,3.02391215740541
978,0.00265,2.23,38.5,841.509433962264,0.025974025974026,2.92505898911135
979,0.00265,2.23,38.5,841.509433962264,0.025974025974026,2.92505898911135
980,0.00212,2.24,38.5,1056.60377358491,0.025974025974026,3.02391215740541
981,0.00424,2.24,38.5,528.301886792453,0.025974025974026,2.72288216174143
982,0.00212,2.24,38.5,1056.60377358491,0.025974025974026,3.02391215740541
983,0.00053,2.23,38.5,4207.54716981132,0.025974025974026,3.62402899344737
984,0.00265,2.23,38.4,841.509433962264,0.0260416666666667,2.92505898911135
985,0.00212,2.24,38.4,1056.60377358491,0.0260416666666667,3.02391215740541
986,0.00212,2.24,38.4,1056.60377358491,0.0260416666666667,3.02391215740541
987,0.00159,2.24,38.4,1408.80503144654,0.0260416666666667,3.14885089401371
988,0.00212,2.24,38.4,1056.60377358491,0.0260416666666667,3.02391215740541
989,0.00265,2.24,38.4,845.283018867925,0.0260416666666667,2.92700214439736
990,0.00424,2.24,38.4,528.301886792453,0.0260416666666667,2.72288216174143
991,0.00212,2.24,38.4,1056.60377358491,0.0260416666666667,3.02391215740541
992,0.00053,2.24,38.4,4226.41509433962,0.0260416666666667,3.62597214873337
993,0.00265,2.24,38.4,845.283018867925,0.0260416666666667,2.92700214439736
994,0.00265,2.24,38.4,845.283018867925,0.0260416666666667,2.92700214439736
995,0.00265,2.24,38.4,845.283018867925,0.0260416666666667,2.92700214439736
996,0.00212,2.23,38.4,1051.88679245283,0.0260416666666667,3.02196900211941
997,0.00212,2.24,38.4,1056.60377358491,0.0260416666666667,3.02391215740541
998,0.00265,2.24,38.4,845.283018867925,0.0260416666666667,2.92700214439736
999,0.00212,2.24,38.4,1056.60377358491,0.0260416666666667,3.02391215740541
1000,0.00265,2.23,38.4,841.509433962264,0.0260416666666667,2.92505898911135
1001,0.00265,2.24,38.4,845.283018867925,0.0260416666666667,2.92700214439736
1002,0.00318,2.24,38.4,704.402515723271,0.0260416666666667,2.84782089834973
1003,0.00212,2.24,38.4,1056.60377358491,0.0260416666666667,3.02391215740541
1004,0.00212,2.24,38.3,1056.60377358491,0.0261096605744125,3.02391215740541
1005,0.00265,2.24,38.3,845.283018867925,0.0261096605744125,2.92700214439736
1006,0.00371,2.24,38.3,603.77358490566,0.0261096605744125,2.78087410871912
1007,0.00265,2.24,38.3,845.283018867925,0.0261096605744125,2.92700214439736
1008,0.00318,2.24,38.3,704.402515723271,0.0261096605744125,2.84782089834973
1009,0.00212,2.24,38.3,1056.60377358491,0.0261096605744125,3.02391215740541
1010,0.00212,2.23,38.3,1051.88679245283,0.0261096605744125,3.02196900211941
1011,0.00212,2.24,38.3,1056.60377358491,0.0261096605744125,3.02391215740541
1012,0.00212,2.24,38.3,1056.60377358491,0.0261096605744125,3.02391215740541
1013,0.00318,2.24,38.3,704.402515723271,0.0261096605744125,2.84782089834973
1014,0.00371,2.24,38.3,603.77358490566,0.0261096605744125,2.78087410871912
1015,0.00371,2.24,38.3,603.77358490566,0.0261096605744125,2.78087410871912
1016,0.00159,2.23,38.3,1402.51572327044,0.0261096605744125,3.14690773872771
1017,0.00265,2.24,38.3,845.283018867925,0.0261096605744125,2.92700214439736
1018,0.00318,2.24,38.3,704.402515723271,0.0261096605744125,2.84782089834973
1019,0.00159,2.24,38.2,1408.80503144654,0.0261780104712042,3.14885089401371
1020,0.00106,2.24,38.2,2113.20754716981,0.0261780104712042,3.32494215306939
1021,0.00053,2.23,38.2,4207.54716981132,0.0261780104712042,3.62402899344737
1022,0.00265,2.24,38.2,845.283018867925,0.0261780104712042,2.92700214439736
1023,0.00106,2.24,38.2,2113.20754716981,0.0261780104712042,3.32494215306939
1024,0.00212,2.23,38.2,1051.88679245283,0.0261780104712042,3.02196900211941
1025,0.00212,2.24,38.2,1056.60377358491,0.0261780104712042,3.02391215740541
1026,0.00265,2.24,38.2,845.283018867925,0.0261780104712042,2.92700214439736
1027,0.00265,2.24,38.2,845.283018867925,0.0261780104712042,2.92700214439736
1028,0.00159,2.24,38.2,1408.80503144654,0.0261780104712042,3.14885089401371
1029,0.00212,2.23,38.2,1051.88679245283,0.0261780104712042,3.02196900211941
1030,0.00212,2.23,38.2,1051.88679245283,0.0261780104712042,3.02196900211941
1031,0.00212,2.24,38.2,1056.60377358491,0.0261780104712042,3.02391215740541
1032,0.00265,2.24,38.2,845.283018867925,0.0261780104712042,2.92700214439736
1033,0.00265,2.24,38.2,845.283018867925,0.0261780104712042,2.92700214439736
1034,0.00212,2.24,38.2,1056.60377358491,0.0261780104712042,3.02391215740541
1035,0.00159,2.24,38.2,1408.80503144654,0.0261780104712042,3.14885089401371
1036,0.00212,2.24,38.2,1056.60377358491,0.0261780104712042,3.02391215740541
1037,0.00265,2.23,38.2,841.509433962264,0.0261780104712042,2.92505898911135
1038,0.00265,2.24,38.2,845.283018867925,0.0261780104712042,2.92700214439736
1039,0.00265,2.24,38.2,845.283018867925,0.0261780104712042,2.92700214439736
1040,0.00212,2.24,38.1,1056.60377358491,0.026246719160105,3.02391215740541
1041,0.00212,2.23,38.1,1051.88679245283,0.026246719160105,3.02196900211941
1042,0.00212,2.24,38.1,1056.60377358491,0.026246719160105,3.02391215740541
1043,0.00212,2.24,38.1,1056.60377358491,0.026246719160105,3.02391215740541
1044,0.00265,2.24,38.1,845.283018867925,0.026246719160105,2.92700214439736
1045,0.00265,2.24,38.1,845.283018867925,0.026246719160105,2.92700214439736
1046,0.00318,2.24,38.1,704.402515723271,0.026246719160105,2.84782089834973
1047,0.00265,2.24,38.1,845.283018867925,0.026246719160105,2.92700214439736
1048,0.00212,2.24,38.1,1056.60377358491,0.026246719160105,3.02391215740541
1049,0.00265,2.24,38.1,845.283018867925,0.026246719160105,2.92700214439736
1050,0.00265,2.24,38.1,845.283018867925,0.026246719160105,2.92700214439736
1051,0.00265,2.24,38.1,845.283018867925,0.026246719160105,2.92700214439736
1052,0.00265,2.24,38.1,845.283018867925,0.026246719160105,2.92700214439736
1053,0.00318,2.24,38.1,704.402515723271,0.026246719160105,2.84782089834973
1054,0.00318,2.24,38.1,704.402515723271,0.026246719160105,2.84782089834973
1055,0.00265,2.24,38.1,845.283018867925,0.026246719160105,2.92700214439736
1056,0.00212,2.23,38.1,1051.88679245283,0.026246719160105,3.02196900211941
1057,0.00159,2.24,38.1,1408.80503144654,0.026246719160105,3.14885089401371
1058,0.00265,2.24,38.1,845.283018867925,0.026246719160105,2.92700214439736
1059,0.00212,2.24,38.1,1056.60377358491,0.026246719160105,3.02391215740541
1060,0.00212,2.24,38.1,1056.60377358491,0.026246719160105,3.02391215740541
1061,0.00159,2.24,38.1,1408.80503144654,0.026246719160105,3.14885089401371
1062,0.00212,2.24,38,1056.60377358491,0.0263157894736842,3.02391215740541
1063,0.00159,2.24,38,1408.80503144654,0.0263157894736842,3.14885089401371
1064,0.00159,2.23,38,1402.51572327044,0.0263157894736842,3.14690773872771
1065,0.00053,2.24,38,4226.41509433962,0.0263157894736842,3.62597214873337
1066,0.00106,2.23,38,2103.77358490566,0.0263157894736842,3.32299899778339
1067,0.00371,2.23,38,601.078167115903,0.0263157894736842,2.77893095343311
1068,0.00053,2.24,38,4226.41509433962,0.0263157894736842,3.62597214873337
1069,0.00318,2.24,38,704.402515723271,0.0263157894736842,2.84782089834973
1070,0.00477,2.24,38,469.601677148847,0.0263157894736842,2.67172963929405
1071,0.00371,2.24,38,603.77358490566,0.0263157894736842,2.78087410871912
1072,0.00212,2.24,38,1056.60377358491,0.0263157894736842,3.02391215740541
1073,0.00212,2.23,38,1051.88679245283,0.0263157894736842,3.02196900211941
1074,0.00212,2.24,38,1056.60377358491,0.0263157894736842,3.02391215740541
1075,0.00212,2.24,38,1056.60377358491,0.0263157894736842,3.02391215740541
1076,0.00159,2.24,38,1408.80503144654,0.0263157894736842,3.14885089401371
1077,0.00318,2.24,38,704.402515723271,0.0263157894736842,2.84782089834973
1078,0.00212,2.24,38,1056.60377358491,0.0263157894736842,3.02391215740541
1079,0.00212,2.24,38,1056.60377358491,0.0263157894736842,3.02391215740541
1080,0.00265,2.24,38,845.283018867925,0.0263157894736842,2.92700214439736
1081,0.00265,2.24,38,845.283018867925,0.0263157894736842,2.92700214439736
1082,0.00212,2.24,38,1056.60377358491,0.0263157894736842,3.02391215740541
1083,0.00212,2.24,38,1056.60377358491,0.0263157894736842,3.02391215740541
1084,0.00212,2.24,38,1056.60377358491,0.0263157894736842,3.02391215740541
1085,0.00212,2.24,37.9,1056.60377358491,0.0263852242744063,3.02391215740541
1086,0.00212,2.24,37.9,1056.60377358491,0.0263852242744063,3.02391215740541
1087,0.00265,2.24,37.9,845.283018867925,0.0263852242744063,2.92700214439736
1088,0.00212,2.24,37.9,1056.60377358491,0.0263852242744063,3.02391215740541
1089,0.00318,2.24,37.9,704.402515723271,0.0263852242744063,2.84782089834973
1090,0.00371,2.24,37.9,603.77358490566,0.0263852242744063,2.78087410871912
1091,0.00477,2.24,37.9,469.601677148847,0.0263852242744063,2.67172963929405
1092,0.00371,2.24,37.9,603.77358490566,0.0263852242744063,2.78087410871912
1093,0.00212,2.24,37.9,1056.60377358491,0.0263852242744063,3.02391215740541
1094,0.00106,2.24,37.9,2113.20754716981,0.0263852242744063,3.32494215306939
1095,0.00212,2.24,37.9,1056.60377358491,0.0263852242744063,3.02391215740541
1096,0.00265,2.24,37.9,845.283018867925,0.0263852242744063,2.92700214439736
1097,0.00265,2.24,37.9,845.283018867925,0.0263852242744063,2.92700214439736
1098,0.00265,2.24,37.9,845.283018867925,0.0263852242744063,2.92700214439736
1099,0.00265,2.24,37.9,845.283018867925,0.0263852242744063,2.92700214439736
1100,0.00212,2.25,37.9,1061.32075471698,0.0263852242744063,3.02584665718261
1101,0.00053,2.24,37.9,4226.41509433962,0.0263852242744063,3.62597214873337
1102,0.00106,2.24,37.9,2113.20754716981,0.0263852242744063,3.32494215306939
1103,0.00106,2.24,37.9,2113.20754716981,0.0263852242744063,3.32494215306939
1105,0.00053,2.23,37.9,4207.54716981132,0.0263852242744063,3.62402899344737
1106,0.00106,2.24,37.9,2113.20754716981,0.0263852242744063,3.32494215306939
1107,0.00106,2.24,37.9,2113.20754716981,0.0263852242744063,3.32494215306939
1108,0.00159,2.24,37.8,1408.80503144654,0.0264550264550265,3.14885089401371
1111,0.00106,2.24,37.8,2113.20754716981,0.0264550264550265,3.32494215306939
1112,0.00053,2.23,37.8,4207.54716981132,0.0264550264550265,3.62402899344737
1113,0.00106,2.24,37.8,2113.20754716981,0.0264550264550265,3.32494215306939
1114,0.00159,2.24,37.8,1408.80503144654,0.0264550264550265,3.14885089401371
1115,0.00424,2.24,37.8,528.301886792453,0.0264550264550265,2.72288216174143
1116,0.00212,2.24,37.8,1056.60377358491,0.0264550264550265,3.02391215740541
1117,0.00106,2.24,37.8,2113.20754716981,0.0264550264550265,3.32494215306939
1118,0.00318,2.24,37.8,704.402515723271,0.0264550264550265,2.84782089834973
1119,0.00371,2.24,37.8,603.77358490566,0.0264550264550265,2.78087410871912
1120,0.00424,2.24,37.8,528.301886792453,0.0264550264550265,2.72288216174143
1121,0.00212,2.24,37.8,1056.60377358491,0.0264550264550265,3.02391215740541
1122,0.00212,2.24,37.8,1056.60377358491,0.0264550264550265,3.02391215740541
1123,0.00212,2.24,37.8,1056.60377358491,0.0264550264550265,3.02391215740541
1124,0.00212,2.24,37.8,1056.60377358491,0.0264550264550265,3.02391215740541
1125,0.00212,2.24,37.8,1056.60377358491,0.0264550264550265,3.02391215740541
1126,0.00159,2.24,37.8,1408.80503144654,0.0264550264550265,3.14885089401371
1127,0.00212,2.24,37.8,1056.60377358491,0.0264550264550265,3.02391215740541
1128,0.00265,2.25,37.8,849.056603773585,0.0264550264550265,2.92893664417456
1129,0.00371,2.24,37.8,603.77358490566,0.0264550264550265,2.78087410871912
1130,0.00265,2.24,37.8,845.283018867925,0.0264550264550265,2.92700214439736
1131,0.00212,2.24,37.7,1056.60377358491,0.026525198938992,3.02391215740541
1132,0.00212,2.24,37.7,1056.60377358491,0.026525198938992,3.02391215740541
1133,0.00212,2.24,37.7,1056.60377358491,0.026525198938992,3.02391215740541
1134,0.00212,2.24,37.7,1056.60377358491,0.026525198938992,3.02391215740541
1135,0.00212,2.24,37.7,1056.60377358491,0.026525198938992,3.02391215740541
1136,0.00212,2.24,37.7,1056.60377358491,0.026525198938992,3.02391215740541
1137,0.00318,2.24,37.7,704.402515723271,0.026525198938992,2.84782089834973
1138,0.00212,2.24,37.7,1056.60377358491,0.026525198938992,3.02391215740541
1139,0.00265,2.24,37.7,845.283018867925,0.026525198938992,2.92700214439736
1140,0.00265,2.24,37.7,845.283018867925,0.026525198938992,2.92700214439736
1141,0.00265,2.24,37.7,845.283018867925,0.026525198938992,2.92700214439736
1142,0.00159,2.24,37.7,1408.80503144654,0.026525198938992,3.14885089401371
1143,0.00159,2.24,37.7,1408.80503144654,0.026525198938992,3.14885089401371
1144,0.00212,2.23,37.7,1051.88679245283,0.026525198938992,3.02196900211941
1145,0.00212,2.24,37.7,1056.60377358491,0.026525198938992,3.02391215740541
1146,0.00212,2.24,37.7,1056.60377358491,0.026525198938992,3.02391215740541
1147,0.00212,2.23,37.7,1051.88679245283,0.026525198938992,3.02196900211941
1148,0.00106,2.24,37.7,2113.20754716981,0.026525198938992,3.32494215306939
1149,0.00159,2.24,37.7,1408.80503144654,0.026525198938992,3.14885089401371
1150,0.00318,2.24,37.7,704.402515723271,0.026525198938992,2.84782089834973
1151,0.00212,2.24,37.7,1056.60377358491,0.026525198938992,3.02391215740541
1152,0.00265,2.24,37.7,845.283018867925,0.026525198938992,2.92700214439736
1153,0.00265,2.24,37.7,845.283018867925,0.026525198938992,2.92700214439736
1154,0.00212,2.24,37.7,1056.60377358491,0.026525198938992,3.02391215740541
1155,0.00159,2.24,37.6,1408.80503144654,0.0265957446808511,3.14885089401371
1156,0.00212,2.23,37.6,1051.88679245283,0.0265957446808511,3.02196900211941
1157,0.00212,2.24,37.6,1056.60377358491,0.0265957446808511,3.02391215740541
1158,0.00159,2.24,37.6,1408.80503144654,0.0265957446808511,3.14885089401371
1159,0.00053,2.23,37.6,4207.54716981132,0.0265957446808511,3.62402899344737
1160,0.00318,2.24,37.6,704.402515723271,0.0265957446808511,2.84782089834973
1161,0.00318,2.24,37.6,704.402515723271,0.0265957446808511,2.84782089834973
1162,0.00424,2.24,37.6,528.301886792453,0.0265957446808511,2.72288216174143
1163,0.00212,2.24,37.6,1056.60377358491,0.0265957446808511,3.02391215740541
1164,0.00212,2.24,37.6,1056.60377358491,0.0265957446808511,3.02391215740541
1165,0.00265,2.24,37.6,845.283018867925,0.0265957446808511,2.92700214439736
1166,0.00159,2.24,37.6,1408.80503144654,0.0265957446808511,3.14885089401371
1167,0.00212,2.24,37.6,1056.60377358491,0.0265957446808511,3.02391215740541
1168,0.00159,2.24,37.6,1408.80503144654,0.0265957446808511,3.14885089401371
1169,0.00159,2.24,37.6,1408.80503144654,0.0265957446808511,3.14885089401371
1170,0.00212,2.24,37.6,1056.60377358491,0.0265957446808511,3.02391215740541
1171,0.00212,2.23,37.6,1051.88679245283,0.0265957446808511,3.02196900211941
1172,0.00212,2.24,37.6,1056.60377358491,0.0265957446808511,3.02391215740541
1173,0.00212,2.24,37.6,1056.60377358491,0.0265957446808511,3.02391215740541
1174,0.00106,2.24,37.6,2113.20754716981,0.0265957446808511,3.32494215306939
1175,0.00159,2.24,37.6,1408.80503144654,0.0265957446808511,3.14885089401371
1176,0.00265,2.24,37.6,845.283018867925,0.0265957446808511,2.92700214439736
1177,0.00159,2.24,37.6,1408.80503144654,0.0265957446808511,3.14885089401371
1178,0.00106,2.24,37.6,2113.20754716981,0.0265957446808511,3.32494215306939
1179,0.00212,2.24,37.5,1056.60377358491,0.0266666666666667,3.02391215740541
1180,0.00318,2.24,37.5,704.402515723271,0.0266666666666667,2.84782089834973
1181,0.00212,2.24,37.5,1056.60377358491,0.0266666666666667,3.02391215740541
1182,0.00212,2.24,37.5,1056.60377358491,0.0266666666666667,3.02391215740541
1183,0.00212,2.24,37.5,1056.60377358491,0.0266666666666667,3.02391215740541
1184,0.00212,2.24,37.5,1056.60377358491,0.0266666666666667,3.02391215740541
1185,0.00212,2.24,37.5,1056.60377358491,0.0266666666666667,3.02391215740541
1186,0.00159,2.24,37.5,1408.80503144654,0.0266666666666667,3.14885089401371
1187,0.00212,2.24,37.5,1056.60377358491,0.0266666666666667,3.02391215740541
1188,0.00159,2.24,37.5,1408.80503144654,0.0266666666666667,3.14885089401371
1189,0.00212,2.24,37.5,1056.60377358491,0.0266666666666667,3.02391215740541
1190,0.00159,2.24,37.5,1408.80503144654,0.0266666666666667,3.14885089401371
1192,0.00106,2.24,37.5,2113.20754716981,0.0266666666666667,3.32494215306939
1193,0.00159,2.24,37.5,1408.80503144654,0.0266666666666667,3.14885089401371
1194,0.00106,2.24,37.5,2113.20754716981,0.0266666666666667,3.32494215306939
1195,0.00159,2.24,37.5,1408.80503144654,0.0266666666666667,3.14885089401371
1196,0.00106,2.24,37.5,2113.20754716981,0.0266666666666667,3.32494215306939
1197,0.00106,2.24,37.5,2113.20754716981,0.0266666666666667,3.32494215306939
1198,0.00106,2.23,37.4,2103.77358490566,0.0267379679144385,3.32299899778339
1200,0.00212,2.24,37.4,1056.60377358491,0.0267379679144385,3.02391215740541
1201,0.00212,2.24,37.4,1056.60377358491,0.0267379679144385,3.02391215740541
1202,0.00212,2.24,37.4,1056.60377358491,0.0267379679144385,3.02391215740541
1203,0.00159,2.23,37.4,1402.51572327044,0.0267379679144385,3.14690773872771
1204,0.00212,2.23,37.4,1051.88679245283,0.0267379679144385,3.02196900211941
1205,0.00212,2.24,37.4,1056.60377358491,0.0267379679144385,3.02391215740541
1206,0.00265,2.24,37.4,845.283018867925,0.0267379679144385,2.92700214439736
1207,0.00212,2.24,37.4,1056.60377358491,0.0267379679144385,3.02391215740541
1208,0.00212,2.24,37.4,1056.60377358491,0.0267379679144385,3.02391215740541
